Date,High,Low,Open,Close,Volume,Adj Close
2002-08-12,40.0,38.724998474121094,38.724998474121094,39.70000076293945,212976.0,29.58354949951172
2002-08-13,40.38750076293945,38.875,39.75,39.162498474121094,153576.0,29.183029174804688
2002-08-14,39.25,35.724998474121094,39.25,36.462501525878906,822776.0,27.171043395996094
2002-08-15,36.462501525878906,36.462501525878906,36.462501525878906,36.462501525878906,0.0,27.171043395996094
2002-08-16,38.0,35.75,36.275001525878906,36.375,811856.0,27.1058349609375
2002-08-19,36.67499923706055,35.13750076293945,36.67499923706055,35.474998474121094,205880.0,26.435176849365234
2002-08-20,38.724998474121094,35.48749923706055,35.724998474121094,36.462501525878906,3773624.0,27.171043395996094
2002-08-21,39.20000076293945,36.525001525878906,38.474998474121094,38.25,3011064.0,28.503036499023438
2002-08-22,41.57500076293945,39.3125,39.51250076293945,39.900001525878906,6732480.0,29.73259925842285
2002-08-23,43.625,39.76250076293945,40.25,42.29999923706055,4841672.0,31.52100944519043
2002-08-26,43.25,41.8125,42.974998474121094,42.150001525878906,2576912.0,31.40922737121582
2002-08-27,44.25,40.75,42.5,41.099998474121094,3694224.0,30.626800537109375
2002-08-28,41.599998474121094,40.287498474121094,40.974998474121094,41.13750076293945,1674960.0,30.65475845336914
2002-08-29,41.875,40.75,40.88750076293945,41.13750076293945,1236544.0,30.65475845336914
2002-08-30,45.125,41.25,41.26250076293945,44.04999923706055,3762384.0,32.8250732421875
2002-09-02,45.974998474121094,44.04999923706055,44.75,44.5,2389568.0,33.160400390625
2002-09-03,44.9375,42.0,44.75,42.412498474121094,986784.0,31.604846954345703
2002-09-04,43.75,41.38750076293945,41.875,43.337501525878906,1449856.0,32.294132232666016
2002-09-05,44.86249923706055,42.5,44.662498474121094,43.07500076293945,1061360.0,32.0985221862793
2002-09-06,43.25,41.01250076293945,43.25,41.474998474121094,907472.0,30.906246185302734
2002-09-09,42.6875,39.5,39.5,40.9375,880848.0,30.505712509155273
2002-09-10,40.9375,40.9375,40.9375,40.9375,0.0,30.505712509155273
2002-09-11,42.70000076293945,41.162498474121094,41.162498474121094,41.974998474121094,635936.0,31.27883529663086
2002-09-12,43.224998474121094,41.900001525878906,42.48749923706055,42.1875,781968.0,31.437185287475586
2002-09-13,42.224998474121094,40.63750076293945,40.712501525878906,40.98749923706055,338264.0,30.54295539855957
2002-09-16,41.599998474121094,39.875,41.375,40.1875,288592.0,29.94682502746582
2002-09-17,41.625,40.775001525878906,40.912498474121094,41.36249923706055,462952.0,30.822410583496094
2002-09-18,41.25,39.75,41.125,40.087501525878906,315432.0,29.872310638427734
2002-09-19,41.07500076293945,39.25,39.75,39.75,490848.0,29.620811462402344
2002-09-20,39.67499923706055,38.162498474121094,38.32500076293945,39.099998474121094,501072.0,29.13644027709961
2002-09-23,39.474998474121094,38.275001525878906,39.375,38.4375,248504.0,28.642770767211914
2002-09-24,38.29999923706055,36.724998474121094,38.29999923706055,37.13750076293945,267912.0,27.67403221130371
2002-09-25,37.75,36.0,36.275001525878906,37.42499923706055,379544.0,27.888273239135742
2002-09-26,38.61249923706055,37.75,38.20000076293945,38.01250076293945,178136.0,28.3260555267334
2002-09-27,39.0,37.88750076293945,37.88750076293945,38.474998474121094,206288.0,28.670703887939453
2002-09-30,38.474998474121094,36.275001525878906,37.88750076293945,37.07500076293945,202232.0,27.62746238708496
2002-10-01,37.75,36.125,37.25,36.76250076293945,240192.0,27.394590377807617
2002-10-02,36.76250076293945,36.76250076293945,36.76250076293945,36.76250076293945,0.0,27.394590377807617
2002-10-03,39.75,37.25,37.25,37.75,673264.0,28.130455017089844
2002-10-04,38.36249923706055,37.125,38.25,37.51250076293945,258296.0,27.95348358154297
2002-10-07,38.0,37.025001525878906,37.76250076293945,37.349998474121094,110976.0,27.832386016845703
2002-10-08,38.724998474121094,37.25,37.462501525878906,38.36249923706055,227352.0,28.586868286132812
2002-10-09,39.11249923706055,37.0625,38.5,37.38750076293945,277040.0,27.860326766967773
2002-10-10,38.5,36.63750076293945,38.5,37.42499923706055,173224.0,27.888273239135742
2002-10-11,38.9375,38.11249923706055,38.474998474121094,38.212501525878906,192536.0,28.475101470947266
2002-10-14,39.0,37.57500076293945,38.92499923706055,37.9375,152744.0,28.270183563232422
2002-10-15,37.9375,37.9375,37.9375,37.9375,0.0,28.270183563232422
2002-10-16,42.775001525878906,37.775001525878906,42.775001525878906,38.01250076293945,247760.0,28.3260555267334
2002-10-17,38.25,37.525001525878906,38.25,38.01250076293945,144512.0,28.3260555267334
2002-10-18,39.92499923706055,38.287498474121094,38.75,38.8125,512312.0,28.922208786010742
2002-10-21,40.73749923706055,39.25,39.724998474121094,39.412498474121094,646296.0,29.369314193725586
2002-10-22,39.75,37.75,39.75,37.98749923706055,229384.0,28.307435989379883
2002-10-23,38.70000076293945,37.525001525878906,38.25,37.8125,153320.0,28.177038192749023
2002-10-24,38.349998474121094,36.900001525878906,38.224998474121094,37.150001525878906,168744.0,27.683345794677734
2002-10-25,37.087501525878906,36.275001525878906,36.5,36.38750076293945,172296.0,27.115154266357422
2002-10-28,36.5,35.54999923706055,36.125,35.849998474121094,134504.0,26.714609146118164
2002-10-29,36.45000076293945,35.54999923706055,35.75,36.162498474121094,143024.0,26.947492599487305
2002-10-30,37.4375,36.25,36.5,36.775001525878906,164320.0,27.403913497924805
2002-10-31,37.5,36.79999923706055,37.0,37.349998474121094,118928.0,27.832386016845703
2002-11-01,38.150001525878906,36.76250076293945,37.525001525878906,36.962501525878906,108792.0,27.543636322021484
2002-11-04,37.5,36.95000076293945,37.5,37.23749923706055,56560.0,27.748558044433594
2002-11-05,37.32500076293945,36.599998474121094,36.88750076293945,36.837501525878906,70288.0,27.45050048828125
2002-11-06,36.837501525878906,36.837501525878906,36.837501525878906,36.837501525878906,0.0,27.45050048828125
2002-11-07,39.5,37.5,37.5,37.974998474121094,204880.0,28.298114776611328
2002-11-08,37.73749923706055,37.025001525878906,37.25,37.3125,77664.0,27.80445098876953
2002-11-11,37.5,36.67499923706055,37.5,36.75,66568.0,27.38526725769043
2002-11-12,37.5,36.5,36.5,36.9375,106864.0,27.524999618530273
2002-11-13,37.224998474121094,36.42499923706055,37.125,36.625,106264.0,27.292133331298828
2002-11-14,37.900001525878906,36.63750076293945,37.20000076293945,37.125,211856.0,27.664716720581055
2002-11-15,38.162498474121094,37.5,37.95000076293945,37.92499923706055,154144.0,28.2608642578125
2002-11-18,38.73749923706055,37.837501525878906,38.25,38.3125,217672.0,28.54962921142578
2002-11-19,38.3125,38.3125,38.3125,38.3125,0.0,28.54962921142578
2002-11-20,39.875,38.25,38.25,39.57500076293945,406128.0,29.49041175842285
2002-11-21,44.724998474121094,40.3125,40.3125,43.0,2664024.0,32.042640686035156
2002-11-22,45.17499923706055,41.38750076293945,41.38750076293945,42.337501525878906,1184016.0,31.548961639404297
2002-11-25,43.20000076293945,41.75,42.75,42.26250076293945,428920.0,31.493080139160156
2002-11-26,43.45000076293945,41.775001525878906,42.625,42.01250076293945,367496.0,31.306787490844727
2002-11-27,42.75,40.88750076293945,42.75,41.125,301128.0,30.64543914794922
2002-11-28,43.724998474121094,41.51250076293945,41.525001525878906,42.79999923706055,447680.0,31.893606185913086
2002-11-29,42.79999923706055,42.79999923706055,42.79999923706055,42.79999923706055,0.0,31.893606185913086
2002-12-02,49.0,44.474998474121094,44.875,47.38750076293945,1388680.0,35.31211471557617
2002-12-03,52.42499923706055,46.775001525878906,48.5,50.099998474121094,4082608.0,37.33340072631836
2002-12-04,51.1875,47.76250076293945,49.224998474121094,48.42499923706055,2594928.0,36.085227966308594
2002-12-05,51.11249923706055,48.125,48.125,49.650001525878906,1720264.0,36.998077392578125
2002-12-06,51.67499923706055,49.63750076293945,50.5,50.95000076293945,1139968.0,37.96681213378906
2002-12-09,51.724998474121094,48.025001525878906,50.75,48.5,975768.0,36.14112854003906
2002-12-10,50.5,47.275001525878906,47.625,49.61249923706055,837808.0,36.97012710571289
2002-12-11,53.98749923706055,50.75,51.0,51.95000076293945,3286400.0,38.71199035644531
2002-12-12,54.0,52.0,52.0,52.375,2568024.0,39.02867126464844
2002-12-13,53.67499923706055,52.275001525878906,53.0,52.587501525878906,1112288.0,39.18703079223633
2002-12-16,53.67499923706055,50.025001525878906,53.25,50.32500076293945,1231456.0,37.50106430053711
2002-12-17,51.275001525878906,48.900001525878906,51.275001525878906,49.400001525878906,855656.0,36.81178665161133
2002-12-18,50.724998474121094,48.599998474121094,49.95000076293945,48.9375,618096.0,36.46713638305664
2002-12-19,54.375,49.375,49.92499923706055,53.07500076293945,3770256.0,39.5503044128418
2002-12-20,54.95000076293945,52.5,53.75,53.51250076293945,2952072.0,39.87631607055664
2002-12-23,53.76250076293945,51.25,53.75,51.61249923706055,1277744.0,38.46049118041992
2002-12-24,54.0,51.5625,51.75,53.73749923706055,1729840.0,40.04398727416992
2002-12-25,53.73749923706055,53.73749923706055,53.73749923706055,53.73749923706055,0.0,40.04398727416992
2002-12-26,55.95000076293945,53.25,54.150001525878906,55.26250076293945,2894448.0,41.180381774902344
2002-12-27,55.875,53.787498474121094,55.650001525878906,54.01250076293945,956984.0,40.24890899658203
2002-12-30,57.724998474121094,52.76250076293945,54.0,57.150001525878906,4253744.0,42.58692169189453
2002-12-31,61.087501525878906,56.0,57.525001525878906,60.11249923706055,9998480.0,44.794498443603516
2003-01-01,61.974998474121094,59.98749923706055,59.98749923706055,61.087501525878906,6027072.0,45.52103805541992
2003-01-02,62.92499923706055,57.912498474121094,61.525001525878906,58.29999923706055,5325328.0,43.44385528564453
2003-01-03,61.04999923706055,58.5,60.0,59.01250076293945,4198040.0,43.974788665771484
2003-01-06,60.1875,56.875,59.92499923706055,57.26250076293945,4121520.0,42.670745849609375
2003-01-07,58.5,56.0625,58.0,56.599998474121094,2650800.0,42.177040100097656
2003-01-08,59.150001525878906,56.92499923706055,57.349998474121094,58.625,2648456.0,43.68602752685547
2003-01-09,60.150001525878906,58.45000076293945,59.0,59.20000076293945,2630400.0,44.114524841308594
2003-01-10,60.0,55.26250076293945,60.0,55.57500076293945,1702816.0,41.413246154785156
2003-01-13,56.75,54.25,56.224998474121094,56.13750076293945,2421496.0,41.8324089050293
2003-01-14,58.625,56.5,56.724998474121094,56.88750076293945,2239360.0,42.39129638671875
2003-01-15,58.625,57.025001525878906,57.349998474121094,58.025001525878906,2759760.0,43.23893356323242
2003-01-16,60.20000076293945,57.525001525878906,58.462501525878906,58.849998474121094,2842656.0,43.85369873046875
2003-01-17,59.0,57.275001525878906,58.125,57.525001525878906,1284144.0,42.866329193115234
2003-01-20,57.474998474121094,55.275001525878906,57.25,55.6875,928872.0,41.497066497802734
2003-01-21,56.5625,54.0,55.76250076293945,54.23749923706055,1147240.0,40.41657638549805
2003-01-22,55.75,54.07500076293945,54.70000076293945,54.474998474121094,1081352.0,40.593563079833984
2003-01-23,54.474998474121094,51.775001525878906,53.75,52.474998474121094,1001872.0,39.103187561035156
2003-01-24,53.474998474121094,49.88750076293945,52.625,50.599998474121094,1436848.0,37.705989837646484
2003-01-27,49.974998474121094,46.275001525878906,48.0,47.07500076293945,916832.0,35.07923126220703
2003-01-28,50.75,46.25,48.13750076293945,50.36249923706055,2043224.0,37.529014587402344
2003-01-29,51.25,48.54999923706055,50.525001525878906,48.9375,1370440.0,36.46713638305664
2003-01-30,51.099998474121094,48.775001525878906,48.775001525878906,49.6875,1203464.0,37.026031494140625
2003-01-31,50.11249923706055,48.17499923706055,48.75,48.48749923706055,1083040.0,36.131797790527344
2003-02-03,52.474998474121094,48.625,48.8125,52.1875,1566808.0,38.88896942138672
2003-02-04,53.474998474121094,50.01250076293945,52.25,50.54999923706055,1311144.0,37.66873550415039
2003-02-05,50.5,48.837501525878906,49.75,49.61249923706055,845080.0,36.97012710571289
2003-02-06,50.900001525878906,49.125,49.6875,50.61249923706055,946624.0,37.715301513671875
2003-02-07,51.912498474121094,49.5625,50.13750076293945,50.125,1023440.0,37.35203552246094
2003-02-10,50.224998474121094,48.29999923706055,49.5,48.462501525878906,449688.0,36.113162994384766
2003-02-11,49.73749923706055,47.75,48.5,48.025001525878906,701960.0,35.787147521972656
2003-02-12,48.75,47.025001525878906,48.525001525878906,47.38750076293945,459064.0,35.31211471557617
2003-02-13,47.38750076293945,47.38750076293945,47.38750076293945,47.38750076293945,0.0,35.31211471557617
2003-02-14,47.849998474121094,44.5625,45.63750076293945,44.98749923706055,790336.0,33.52367401123047
2003-02-17,48.0,45.787498474121094,46.25,47.849998474121094,795272.0,35.65674591064453
2003-02-18,49.0,47.32500076293945,48.599998474121094,47.5625,819688.0,35.44252014160156
2003-02-19,48.462501525878906,47.412498474121094,48.25,47.587501525878906,455960.0,35.46113586425781
2003-02-20,47.73749923706055,45.82500076293945,46.400001525878906,47.4375,542944.0,35.349365234375
2003-02-21,47.95000076293945,46.42499923706055,47.5,46.61249923706055,494544.0,34.734588623046875
2003-02-24,47.73749923706055,46.5,47.73749923706055,46.900001525878906,326488.0,34.948814392089844
2003-02-25,47.0,45.38750076293945,45.38750076293945,45.79999923706055,264440.0,34.12913131713867
2003-02-26,46.95000076293945,44.650001525878906,46.275001525878906,45.0,422312.0,33.53297805786133
2003-02-27,46.45000076293945,44.70000076293945,44.75,45.6875,280480.0,34.0452995300293
2003-02-28,48.5,46.04999923706055,47.38750076293945,48.04999923706055,694688.0,35.8057861328125
2003-03-03,48.98749923706055,46.275001525878906,46.275001525878906,47.525001525878906,500896.0,35.41455841064453
2003-03-04,47.0,46.0,47.0,46.337501525878906,255760.0,34.529666900634766
2003-03-05,47.0,44.9375,45.82500076293945,46.525001525878906,471552.0,34.66939163208008
2003-03-06,46.900001525878906,45.0,46.900001525878906,45.26250076293945,265080.0,33.72861099243164
2003-03-07,45.974998474121094,43.8125,45.974998474121094,44.0,518664.0,32.787803649902344
2003-03-10,44.25,40.375,43.837501525878906,41.025001525878906,346400.0,30.57091522216797
2003-03-11,43.45000076293945,39.57500076293945,40.0,42.01250076293945,497168.0,31.306787490844727
2003-03-12,43.17499923706055,41.20000076293945,43.17499923706055,41.38750076293945,481872.0,30.841039657592773
2003-03-13,42.724998474121094,41.0,42.212501525878906,41.92499923706055,390112.0,31.241561889648438
2003-03-14,41.92499923706055,41.92499923706055,41.92499923706055,41.92499923706055,0.0,31.241561889648438
2003-03-17,43.0,40.275001525878906,40.775001525878906,41.79999923706055,373856.0,31.14841651916504
2003-03-18,41.79999923706055,41.79999923706055,41.79999923706055,41.79999923706055,0.0,31.14841651916504
2003-03-19,43.25,41.3125,42.875,41.712501525878906,374256.0,31.083223342895508
2003-03-20,43.0,41.0,41.875,42.724998474121094,537616.0,31.837724685668945
2003-03-21,42.724998474121094,42.724998474121094,42.724998474121094,42.724998474121094,0.0,31.837724685668945
2003-03-24,43.75,41.25,43.375,41.587501525878906,328920.0,30.99005699157715
2003-03-25,42.474998474121094,40.125,42.474998474121094,40.98749923706055,351496.0,30.54295539855957
2003-03-26,42.25,40.125,42.25,40.79999923706055,260264.0,30.403247833251953
2003-03-27,41.0,40.0,40.474998474121094,40.412498474121094,241056.0,30.11448860168457
2003-03-28,41.5,40.0,41.5,40.17499923706055,218000.0,29.937517166137695
2003-03-31,39.712501525878906,32.474998474121094,32.474998474121094,38.38750076293945,230712.0,28.605506896972656
2003-04-02,38.38750076293945,38.38750076293945,38.38750076293945,38.38750076293945,0.0,28.605506896972656
2003-04-03,38.38750076293945,38.38750076293945,38.38750076293945,38.38750076293945,0.0,28.605506896972656
2003-04-04,38.38750076293945,38.38750076293945,38.38750076293945,38.38750076293945,0.0,28.605506896972656
2003-04-07,38.38750076293945,38.38750076293945,38.38750076293945,38.38750076293945,0.0,28.605506896972656
2003-04-08,38.38750076293945,38.38750076293945,38.38750076293945,38.38750076293945,0.0,28.605506896972656
2003-04-09,38.38750076293945,38.38750076293945,38.38750076293945,38.38750076293945,0.0,28.605506896972656
2003-04-10,38.38750076293945,38.38750076293945,38.38750076293945,38.38750076293945,0.0,28.605506896972656
2003-04-11,38.38750076293945,38.38750076293945,38.38750076293945,38.38750076293945,0.0,28.605506896972656
2003-04-14,38.38750076293945,38.38750076293945,38.38750076293945,38.38750076293945,0.0,28.605506896972656
2003-04-15,38.38750076293945,38.38750076293945,38.38750076293945,38.38750076293945,0.0,28.605506896972656
2003-04-16,38.38750076293945,38.38750076293945,38.38750076293945,38.38750076293945,0.0,28.605506896972656
2003-04-17,38.38750076293945,38.38750076293945,38.38750076293945,38.38750076293945,0.0,28.605506896972656
2003-04-18,38.38750076293945,38.38750076293945,38.38750076293945,38.38750076293945,0.0,28.605506896972656
2003-04-21,38.38750076293945,38.38750076293945,38.38750076293945,38.38750076293945,0.0,28.605506896972656
2003-04-22,38.38750076293945,38.38750076293945,38.38750076293945,38.38750076293945,0.0,28.605506896972656
2003-04-23,38.38750076293945,38.38750076293945,38.38750076293945,38.38750076293945,0.0,28.605506896972656
2003-04-24,38.38750076293945,38.38750076293945,38.38750076293945,38.38750076293945,0.0,28.605506896972656
2003-04-25,38.38750076293945,38.38750076293945,38.38750076293945,38.38750076293945,0.0,28.605506896972656
2003-04-28,38.38750076293945,38.38750076293945,38.38750076293945,38.38750076293945,0.0,28.605506896972656
2003-04-29,38.38750076293945,38.38750076293945,38.38750076293945,38.38750076293945,0.0,28.605506896972656
2003-04-30,38.38750076293945,38.38750076293945,38.38750076293945,38.38750076293945,0.0,28.605506896972656
2003-05-01,38.38750076293945,38.38750076293945,38.38750076293945,38.38750076293945,0.0,28.605506896972656
2003-05-02,38.38750076293945,38.38750076293945,38.38750076293945,38.38750076293945,0.0,28.605506896972656
2003-05-05,38.38750076293945,38.38750076293945,38.38750076293945,38.38750076293945,0.0,28.605506896972656
2003-05-06,38.38750076293945,38.38750076293945,38.38750076293945,38.38750076293945,0.0,28.605506896972656
2003-05-07,38.38750076293945,38.38750076293945,38.38750076293945,38.38750076293945,0.0,28.605506896972656
2003-05-08,38.38750076293945,38.38750076293945,38.38750076293945,38.38750076293945,0.0,28.605506896972656
2003-05-09,38.38750076293945,38.38750076293945,38.38750076293945,38.38750076293945,0.0,28.605506896972656
2003-05-12,38.38750076293945,38.38750076293945,38.38750076293945,38.38750076293945,0.0,28.605506896972656
2003-05-13,38.38750076293945,38.38750076293945,38.38750076293945,38.38750076293945,0.0,28.605506896972656
2003-05-14,38.38750076293945,38.38750076293945,38.38750076293945,38.38750076293945,0.0,28.605506896972656
2003-05-15,38.38750076293945,38.38750076293945,38.38750076293945,38.38750076293945,0.0,28.605506896972656
2003-05-16,38.38750076293945,38.38750076293945,38.38750076293945,38.38750076293945,0.0,28.605506896972656
2003-05-19,38.38750076293945,38.38750076293945,38.38750076293945,38.38750076293945,0.0,28.605506896972656
2003-05-20,38.38750076293945,38.38750076293945,38.38750076293945,38.38750076293945,0.0,28.605506896972656
2003-05-21,38.38750076293945,38.38750076293945,38.38750076293945,38.38750076293945,0.0,28.605506896972656
2003-05-22,38.38750076293945,38.38750076293945,38.38750076293945,38.38750076293945,0.0,28.605506896972656
2003-05-23,38.38750076293945,38.38750076293945,38.38750076293945,38.38750076293945,0.0,28.605506896972656
2003-05-26,38.38750076293945,38.38750076293945,38.38750076293945,38.38750076293945,0.0,28.605506896972656
2003-05-27,38.38750076293945,38.38750076293945,38.38750076293945,38.38750076293945,0.0,28.605506896972656
2003-05-28,38.38750076293945,38.38750076293945,38.38750076293945,38.38750076293945,0.0,28.605506896972656
2003-05-29,38.38750076293945,38.38750076293945,38.38750076293945,38.38750076293945,0.0,28.605506896972656
2003-05-30,38.38750076293945,38.38750076293945,38.38750076293945,38.38750076293945,0.0,28.605506896972656
2003-06-02,38.38750076293945,38.38750076293945,38.38750076293945,38.38750076293945,0.0,28.605506896972656
2003-06-03,38.38750076293945,38.38750076293945,38.38750076293945,38.38750076293945,0.0,28.605506896972656
2003-06-04,38.38750076293945,38.38750076293945,38.38750076293945,38.38750076293945,0.0,28.605506896972656
2003-06-05,38.38750076293945,38.38750076293945,38.38750076293945,38.38750076293945,0.0,28.605506896972656
2003-06-06,38.38750076293945,38.38750076293945,38.38750076293945,38.38750076293945,0.0,28.605506896972656
2003-06-09,38.38750076293945,38.38750076293945,38.38750076293945,38.38750076293945,0.0,28.605506896972656
2003-06-10,38.38750076293945,38.38750076293945,38.38750076293945,38.38750076293945,0.0,28.605506896972656
2003-06-11,38.38750076293945,38.38750076293945,38.38750076293945,38.38750076293945,0.0,28.605506896972656
2003-06-12,38.38750076293945,38.38750076293945,38.38750076293945,38.38750076293945,0.0,28.605506896972656
2003-06-13,38.38750076293945,38.38750076293945,38.38750076293945,38.38750076293945,0.0,28.605506896972656
2003-06-16,38.38750076293945,38.38750076293945,38.38750076293945,38.38750076293945,0.0,28.605506896972656
2003-06-17,38.38750076293945,38.38750076293945,38.38750076293945,38.38750076293945,0.0,28.605506896972656
2003-06-18,38.38750076293945,38.38750076293945,38.38750076293945,38.38750076293945,0.0,28.605506896972656
2003-06-19,38.38750076293945,38.38750076293945,38.38750076293945,38.38750076293945,0.0,28.605506896972656
2003-06-20,38.38750076293945,38.38750076293945,38.38750076293945,38.38750076293945,0.0,28.605506896972656
2003-06-23,38.38750076293945,38.38750076293945,38.38750076293945,38.38750076293945,0.0,28.605506896972656
2003-06-24,38.38750076293945,38.38750076293945,38.38750076293945,38.38750076293945,0.0,28.605506896972656
2003-06-25,38.38750076293945,38.38750076293945,38.38750076293945,38.38750076293945,0.0,28.605506896972656
2003-06-26,38.38750076293945,38.38750076293945,38.38750076293945,38.38750076293945,0.0,28.605506896972656
2003-06-27,38.38750076293945,38.38750076293945,38.38750076293945,38.38750076293945,0.0,28.605506896972656
2003-06-30,38.38750076293945,38.38750076293945,38.38750076293945,38.38750076293945,0.0,28.605506896972656
2003-07-01,38.38750076293945,38.38750076293945,38.38750076293945,38.38750076293945,0.0,28.605506896972656
2003-07-02,38.38750076293945,38.38750076293945,38.38750076293945,38.38750076293945,0.0,28.605506896972656
2003-07-03,38.38750076293945,38.38750076293945,38.38750076293945,38.38750076293945,0.0,28.605506896972656
2003-07-04,38.38750076293945,38.38750076293945,38.38750076293945,38.38750076293945,0.0,28.605506896972656
2003-07-07,38.38750076293945,38.38750076293945,38.38750076293945,38.38750076293945,0.0,28.605506896972656
2003-07-08,38.38750076293945,38.38750076293945,38.38750076293945,38.38750076293945,0.0,28.605506896972656
2003-07-09,38.38750076293945,38.38750076293945,38.38750076293945,38.38750076293945,0.0,28.605506896972656
2003-07-10,38.38750076293945,38.38750076293945,38.38750076293945,38.38750076293945,0.0,28.605506896972656
2003-07-11,38.38750076293945,38.38750076293945,38.38750076293945,38.38750076293945,0.0,28.605506896972656
2003-07-14,38.38750076293945,38.38750076293945,38.38750076293945,38.38750076293945,0.0,28.605506896972656
2003-07-15,38.38750076293945,38.38750076293945,38.38750076293945,38.38750076293945,0.0,28.605506896972656
2003-07-16,38.38750076293945,38.38750076293945,38.38750076293945,38.38750076293945,0.0,28.605506896972656
2003-07-17,38.38750076293945,38.38750076293945,38.38750076293945,38.38750076293945,0.0,28.605506896972656
2003-07-18,38.38750076293945,38.38750076293945,38.38750076293945,38.38750076293945,0.0,28.605506896972656
2003-07-21,38.38750076293945,38.38750076293945,38.38750076293945,38.38750076293945,0.0,28.605506896972656
2003-07-22,38.38750076293945,38.38750076293945,38.38750076293945,38.38750076293945,0.0,28.605506896972656
2003-07-23,38.38750076293945,38.38750076293945,38.38750076293945,38.38750076293945,0.0,28.605506896972656
2003-07-24,38.38750076293945,38.38750076293945,38.38750076293945,38.38750076293945,0.0,28.605506896972656
2003-07-25,38.38750076293945,38.38750076293945,38.38750076293945,38.38750076293945,0.0,28.605506896972656
2003-07-28,38.38750076293945,38.38750076293945,38.38750076293945,38.38750076293945,0.0,28.605506896972656
2003-07-29,38.38750076293945,38.38750076293945,38.38750076293945,38.38750076293945,0.0,28.605506896972656
2003-07-30,38.38750076293945,38.38750076293945,38.38750076293945,38.38750076293945,0.0,28.605506896972656
2003-07-31,38.38750076293945,38.38750076293945,38.38750076293945,38.38750076293945,0.0,28.605506896972656
2003-08-01,38.38750076293945,38.38750076293945,38.38750076293945,38.38750076293945,0.0,28.605506896972656
2003-08-04,38.38750076293945,38.38750076293945,38.38750076293945,38.38750076293945,0.0,28.605506896972656
2003-08-05,38.38750076293945,38.38750076293945,38.38750076293945,38.38750076293945,0.0,28.605506896972656
2003-08-06,38.38750076293945,38.38750076293945,38.38750076293945,38.38750076293945,0.0,28.605506896972656
2003-08-07,38.38750076293945,38.38750076293945,38.38750076293945,38.38750076293945,0.0,28.605506896972656
2003-08-08,38.38750076293945,38.38750076293945,38.38750076293945,38.38750076293945,0.0,28.605506896972656
2003-08-11,38.38750076293945,38.38750076293945,38.38750076293945,38.38750076293945,0.0,28.605506896972656
2003-08-12,38.38750076293945,38.38750076293945,38.38750076293945,38.38750076293945,0.0,28.605506896972656
2003-08-13,38.38750076293945,38.38750076293945,38.38750076293945,38.38750076293945,0.0,28.605506896972656
2003-08-14,38.38750076293945,38.38750076293945,38.38750076293945,38.38750076293945,0.0,28.605506896972656
2003-08-15,38.38750076293945,38.38750076293945,38.38750076293945,38.38750076293945,0.0,28.605506896972656
2003-08-18,38.38750076293945,38.38750076293945,38.38750076293945,38.38750076293945,0.0,28.605506896972656
2003-08-19,38.38750076293945,38.38750076293945,38.38750076293945,38.38750076293945,0.0,28.605506896972656
2003-08-20,38.38750076293945,38.38750076293945,38.38750076293945,38.38750076293945,0.0,28.605506896972656
2003-08-21,38.38750076293945,38.38750076293945,38.38750076293945,38.38750076293945,0.0,28.605506896972656
2003-08-22,38.38750076293945,38.38750076293945,38.38750076293945,38.38750076293945,0.0,28.605506896972656
2003-08-25,38.38750076293945,38.38750076293945,38.38750076293945,38.38750076293945,0.0,28.605506896972656
2003-08-26,38.38750076293945,38.38750076293945,38.38750076293945,38.38750076293945,0.0,28.605506896972656
2003-08-27,38.38750076293945,38.38750076293945,38.38750076293945,38.38750076293945,0.0,28.605506896972656
2003-08-28,38.38750076293945,38.38750076293945,38.38750076293945,38.38750076293945,0.0,28.605506896972656
2003-08-29,38.38750076293945,38.38750076293945,38.38750076293945,38.38750076293945,0.0,28.605506896972656
2003-09-01,38.38750076293945,38.38750076293945,38.38750076293945,38.38750076293945,0.0,28.605506896972656
2003-09-02,38.38750076293945,38.38750076293945,38.38750076293945,38.38750076293945,0.0,28.605506896972656
2003-09-03,38.38750076293945,38.38750076293945,38.38750076293945,38.38750076293945,0.0,28.605506896972656
2003-09-04,38.38750076293945,38.38750076293945,38.38750076293945,38.38750076293945,0.0,28.605506896972656
2003-09-05,38.38750076293945,38.38750076293945,38.38750076293945,38.38750076293945,0.0,28.605506896972656
2003-09-08,38.38750076293945,38.38750076293945,38.38750076293945,38.38750076293945,0.0,28.605506896972656
2003-09-09,38.38750076293945,38.38750076293945,38.38750076293945,38.38750076293945,0.0,28.605506896972656
2003-09-10,38.38750076293945,38.38750076293945,38.38750076293945,38.38750076293945,0.0,28.605506896972656
2003-09-11,38.38750076293945,38.38750076293945,38.38750076293945,38.38750076293945,0.0,28.605506896972656
2003-09-12,38.38750076293945,38.38750076293945,38.38750076293945,38.38750076293945,0.0,28.605506896972656
2003-09-15,38.38750076293945,38.38750076293945,38.38750076293945,38.38750076293945,0.0,28.605506896972656
2003-09-16,38.38750076293945,38.38750076293945,38.38750076293945,38.38750076293945,0.0,28.605506896972656
2003-09-17,38.38750076293945,38.38750076293945,38.38750076293945,38.38750076293945,0.0,28.605506896972656
2003-09-18,38.38750076293945,38.38750076293945,38.38750076293945,38.38750076293945,0.0,28.605506896972656
2003-09-19,38.38750076293945,38.38750076293945,38.38750076293945,38.38750076293945,0.0,28.605506896972656
2003-09-22,38.38750076293945,38.38750076293945,38.38750076293945,38.38750076293945,0.0,28.605506896972656
2003-09-23,38.38750076293945,38.38750076293945,38.38750076293945,38.38750076293945,0.0,28.605506896972656
2003-09-24,38.38750076293945,38.38750076293945,38.38750076293945,38.38750076293945,0.0,28.605506896972656
2003-09-25,38.38750076293945,38.38750076293945,38.38750076293945,38.38750076293945,0.0,28.605506896972656
2003-09-26,38.38750076293945,38.38750076293945,38.38750076293945,38.38750076293945,0.0,28.605506896972656
2003-09-29,38.38750076293945,38.38750076293945,38.38750076293945,38.38750076293945,0.0,28.605506896972656
2003-09-30,38.38750076293945,38.38750076293945,38.38750076293945,38.38750076293945,0.0,28.605506896972656
2003-10-01,38.38750076293945,38.38750076293945,38.38750076293945,38.38750076293945,0.0,28.605506896972656
2003-10-02,38.38750076293945,38.38750076293945,38.38750076293945,38.38750076293945,0.0,28.605506896972656
2003-10-03,38.38750076293945,38.38750076293945,38.38750076293945,38.38750076293945,0.0,28.605506896972656
2003-10-06,38.38750076293945,38.38750076293945,38.38750076293945,38.38750076293945,0.0,28.605506896972656
2003-10-07,38.38750076293945,38.38750076293945,38.38750076293945,38.38750076293945,0.0,28.605506896972656
2003-10-08,38.38750076293945,38.38750076293945,38.38750076293945,38.38750076293945,0.0,28.605506896972656
2003-10-09,38.38750076293945,38.38750076293945,38.38750076293945,38.38750076293945,0.0,28.605506896972656
2003-10-10,38.38750076293945,38.38750076293945,38.38750076293945,38.38750076293945,0.0,28.605506896972656
2003-10-13,38.38750076293945,38.38750076293945,38.38750076293945,38.38750076293945,0.0,28.605506896972656
2003-10-14,38.38750076293945,38.38750076293945,38.38750076293945,38.38750076293945,0.0,28.605506896972656
2003-10-15,38.38750076293945,38.38750076293945,38.38750076293945,38.38750076293945,0.0,28.605506896972656
2003-10-16,38.38750076293945,38.38750076293945,38.38750076293945,38.38750076293945,0.0,28.605506896972656
2003-10-17,38.38750076293945,38.38750076293945,38.38750076293945,38.38750076293945,0.0,28.605506896972656
2003-10-20,38.38750076293945,38.38750076293945,38.38750076293945,38.38750076293945,0.0,28.605506896972656
2003-10-21,38.38750076293945,38.38750076293945,38.38750076293945,38.38750076293945,0.0,28.605506896972656
2003-10-22,38.38750076293945,38.38750076293945,38.38750076293945,38.38750076293945,0.0,28.605506896972656
2003-10-23,38.38750076293945,38.38750076293945,38.38750076293945,38.38750076293945,0.0,28.605506896972656
2003-10-24,38.38750076293945,38.38750076293945,38.38750076293945,38.38750076293945,0.0,28.605506896972656
2003-10-27,38.38750076293945,38.38750076293945,38.38750076293945,38.38750076293945,0.0,28.605506896972656
2003-10-28,38.38750076293945,38.38750076293945,38.38750076293945,38.38750076293945,0.0,28.605506896972656
2003-10-29,38.38750076293945,38.38750076293945,38.38750076293945,38.38750076293945,0.0,28.605506896972656
2003-10-30,38.38750076293945,38.38750076293945,38.38750076293945,38.38750076293945,0.0,28.605506896972656
2003-10-31,38.38750076293945,38.38750076293945,38.38750076293945,38.38750076293945,0.0,28.605506896972656
2003-11-03,38.38750076293945,38.38750076293945,38.38750076293945,38.38750076293945,0.0,28.605506896972656
2003-11-04,38.38750076293945,38.38750076293945,38.38750076293945,38.38750076293945,0.0,28.605506896972656
2003-11-05,38.38750076293945,38.38750076293945,38.38750076293945,38.38750076293945,0.0,28.605506896972656
2003-11-06,38.38750076293945,38.38750076293945,38.38750076293945,38.38750076293945,0.0,28.605506896972656
2003-11-07,38.38750076293945,38.38750076293945,38.38750076293945,38.38750076293945,0.0,28.605506896972656
2003-11-10,38.38750076293945,38.38750076293945,38.38750076293945,38.38750076293945,0.0,28.605506896972656
2003-11-11,38.38750076293945,38.38750076293945,38.38750076293945,38.38750076293945,0.0,28.605506896972656
2003-11-12,38.38750076293945,38.38750076293945,38.38750076293945,38.38750076293945,0.0,28.605506896972656
2003-11-13,38.38750076293945,38.38750076293945,38.38750076293945,38.38750076293945,0.0,28.605506896972656
2003-11-14,38.38750076293945,38.38750076293945,38.38750076293945,38.38750076293945,0.0,28.605506896972656
2003-11-17,38.38750076293945,38.38750076293945,38.38750076293945,38.38750076293945,0.0,28.605506896972656
2003-11-18,38.38750076293945,38.38750076293945,38.38750076293945,38.38750076293945,0.0,28.605506896972656
2003-11-19,38.38750076293945,38.38750076293945,38.38750076293945,38.38750076293945,0.0,28.605506896972656
2003-11-20,38.38750076293945,38.38750076293945,38.38750076293945,38.38750076293945,0.0,28.605506896972656
2003-11-21,38.38750076293945,38.38750076293945,38.38750076293945,38.38750076293945,0.0,28.605506896972656
2003-11-24,38.38750076293945,38.38750076293945,38.38750076293945,38.38750076293945,0.0,28.605506896972656
2003-11-25,38.38750076293945,38.38750076293945,38.38750076293945,38.38750076293945,0.0,28.605506896972656
2003-11-26,38.38750076293945,38.38750076293945,38.38750076293945,38.38750076293945,0.0,28.605506896972656
2003-11-27,38.38750076293945,38.38750076293945,38.38750076293945,38.38750076293945,0.0,28.605506896972656
2003-11-28,38.38750076293945,38.38750076293945,38.38750076293945,38.38750076293945,0.0,28.605506896972656
2003-12-01,38.38750076293945,38.38750076293945,38.38750076293945,38.38750076293945,0.0,28.605506896972656
2003-12-02,38.38750076293945,38.38750076293945,38.38750076293945,38.38750076293945,0.0,28.605506896972656
2003-12-03,38.38750076293945,38.38750076293945,38.38750076293945,38.38750076293945,0.0,28.605506896972656
2003-12-04,38.38750076293945,38.38750076293945,38.38750076293945,38.38750076293945,0.0,28.605506896972656
2003-12-05,38.38750076293945,38.38750076293945,38.38750076293945,38.38750076293945,0.0,28.605506896972656
2003-12-08,38.38750076293945,38.38750076293945,38.38750076293945,38.38750076293945,0.0,28.605506896972656
2003-12-09,38.38750076293945,38.38750076293945,38.38750076293945,38.38750076293945,0.0,28.605506896972656
2003-12-10,38.38750076293945,38.38750076293945,38.38750076293945,38.38750076293945,0.0,28.605506896972656
2003-12-11,38.38750076293945,38.38750076293945,38.38750076293945,38.38750076293945,0.0,28.605506896972656
2003-12-12,38.38750076293945,38.38750076293945,38.38750076293945,38.38750076293945,0.0,28.605506896972656
2003-12-15,38.38750076293945,38.38750076293945,38.38750076293945,38.38750076293945,0.0,28.605506896972656
2003-12-16,38.38750076293945,38.38750076293945,38.38750076293945,38.38750076293945,0.0,28.605506896972656
2003-12-17,38.38750076293945,38.38750076293945,38.38750076293945,38.38750076293945,0.0,28.605506896972656
2003-12-18,38.38750076293945,38.38750076293945,38.38750076293945,38.38750076293945,0.0,28.605506896972656
2003-12-19,38.38750076293945,38.38750076293945,38.38750076293945,38.38750076293945,0.0,28.605506896972656
2003-12-22,38.38750076293945,38.38750076293945,38.38750076293945,38.38750076293945,0.0,28.605506896972656
2003-12-23,38.38750076293945,38.38750076293945,38.38750076293945,38.38750076293945,0.0,28.605506896972656
2003-12-24,38.38750076293945,38.38750076293945,38.38750076293945,38.38750076293945,0.0,28.605506896972656
2003-12-25,38.38750076293945,38.38750076293945,38.38750076293945,38.38750076293945,0.0,28.605506896972656
2003-12-26,38.38750076293945,38.38750076293945,38.38750076293945,38.38750076293945,0.0,28.605506896972656
2003-12-29,38.38750076293945,38.38750076293945,38.38750076293945,38.38750076293945,0.0,28.605506896972656
2003-12-30,38.38750076293945,38.38750076293945,38.38750076293945,38.38750076293945,0.0,28.605506896972656
2003-12-31,38.38750076293945,38.38750076293945,38.38750076293945,38.38750076293945,0.0,28.605506896972656
2004-01-01,38.38750076293945,38.38750076293945,38.38750076293945,38.38750076293945,0.0,28.605506896972656
2004-01-02,38.38750076293945,38.38750076293945,38.38750076293945,38.38750076293945,0.0,28.605506896972656
2004-01-05,38.38750076293945,38.38750076293945,38.38750076293945,38.38750076293945,0.0,28.605506896972656
2004-01-06,38.38750076293945,38.38750076293945,38.38750076293945,38.38750076293945,0.0,28.605506896972656
2004-01-07,38.38750076293945,38.38750076293945,38.38750076293945,38.38750076293945,0.0,28.605506896972656
2004-01-08,38.38750076293945,38.38750076293945,38.38750076293945,38.38750076293945,0.0,28.605506896972656
2004-01-09,38.38750076293945,38.38750076293945,38.38750076293945,38.38750076293945,0.0,28.605506896972656
2004-01-12,38.38750076293945,38.38750076293945,38.38750076293945,38.38750076293945,0.0,28.605506896972656
2004-01-13,38.38750076293945,38.38750076293945,38.38750076293945,38.38750076293945,0.0,28.605506896972656
2004-01-14,38.38750076293945,38.38750076293945,38.38750076293945,38.38750076293945,0.0,28.605506896972656
2004-01-15,38.38750076293945,38.38750076293945,38.38750076293945,38.38750076293945,0.0,28.605506896972656
2004-01-16,38.38750076293945,38.38750076293945,38.38750076293945,38.38750076293945,0.0,28.605506896972656
2004-01-19,38.38750076293945,38.38750076293945,38.38750076293945,38.38750076293945,0.0,28.605506896972656
2004-01-20,38.38750076293945,38.38750076293945,38.38750076293945,38.38750076293945,0.0,28.605506896972656
2004-01-21,38.38750076293945,38.38750076293945,38.38750076293945,38.38750076293945,0.0,28.605506896972656
2004-01-22,38.38750076293945,38.38750076293945,38.38750076293945,38.38750076293945,0.0,28.605506896972656
2004-01-23,38.38750076293945,38.38750076293945,38.38750076293945,38.38750076293945,0.0,28.605506896972656
2004-01-26,38.38750076293945,38.38750076293945,38.38750076293945,38.38750076293945,0.0,28.605506896972656
2004-01-27,38.38750076293945,38.38750076293945,38.38750076293945,38.38750076293945,0.0,28.605506896972656
2004-01-28,38.38750076293945,38.38750076293945,38.38750076293945,38.38750076293945,0.0,28.605506896972656
2004-01-29,38.38750076293945,38.38750076293945,38.38750076293945,38.38750076293945,0.0,28.605506896972656
2004-01-30,38.38750076293945,38.38750076293945,38.38750076293945,38.38750076293945,0.0,28.605506896972656
2004-02-02,38.38750076293945,38.38750076293945,38.38750076293945,38.38750076293945,0.0,28.605506896972656
2004-02-03,38.38750076293945,38.38750076293945,38.38750076293945,38.38750076293945,0.0,28.605506896972656
2004-02-04,38.38750076293945,38.38750076293945,38.38750076293945,38.38750076293945,0.0,28.605506896972656
2004-02-05,38.38750076293945,38.38750076293945,38.38750076293945,38.38750076293945,0.0,28.605506896972656
2004-02-06,38.38750076293945,38.38750076293945,38.38750076293945,38.38750076293945,0.0,28.605506896972656
2004-02-09,38.38750076293945,38.38750076293945,38.38750076293945,38.38750076293945,0.0,28.605506896972656
2004-02-10,38.38750076293945,38.38750076293945,38.38750076293945,38.38750076293945,0.0,28.605506896972656
2004-02-11,38.38750076293945,38.38750076293945,38.38750076293945,38.38750076293945,0.0,28.605506896972656
2004-02-12,38.38750076293945,38.38750076293945,38.38750076293945,38.38750076293945,0.0,28.605506896972656
2004-02-13,38.38750076293945,38.38750076293945,38.38750076293945,38.38750076293945,0.0,28.605506896972656
2004-02-16,38.38750076293945,38.38750076293945,38.38750076293945,38.38750076293945,0.0,28.605506896972656
2004-02-17,38.38750076293945,38.38750076293945,38.38750076293945,38.38750076293945,0.0,28.605506896972656
2004-02-18,38.38750076293945,38.38750076293945,38.38750076293945,38.38750076293945,0.0,28.605506896972656
2004-02-19,38.38750076293945,38.38750076293945,38.38750076293945,38.38750076293945,0.0,28.605506896972656
2004-02-20,38.38750076293945,38.38750076293945,38.38750076293945,38.38750076293945,0.0,28.605506896972656
2004-02-23,38.38750076293945,38.38750076293945,38.38750076293945,38.38750076293945,0.0,28.605506896972656
2004-02-24,38.38750076293945,38.38750076293945,38.38750076293945,38.38750076293945,0.0,28.605506896972656
2004-02-25,38.38750076293945,38.38750076293945,38.38750076293945,38.38750076293945,0.0,28.605506896972656
2004-02-26,38.38750076293945,38.38750076293945,38.38750076293945,38.38750076293945,0.0,28.605506896972656
2004-02-27,38.38750076293945,38.38750076293945,38.38750076293945,38.38750076293945,0.0,28.605506896972656
2004-03-01,38.38750076293945,38.38750076293945,38.38750076293945,38.38750076293945,0.0,28.605506896972656
2004-03-02,38.38750076293945,38.38750076293945,38.38750076293945,38.38750076293945,0.0,28.605506896972656
2004-03-03,38.38750076293945,38.38750076293945,38.38750076293945,38.38750076293945,0.0,28.605506896972656
2004-03-04,38.38750076293945,38.38750076293945,38.38750076293945,38.38750076293945,0.0,28.605506896972656
2004-03-05,38.38750076293945,38.38750076293945,38.38750076293945,38.38750076293945,0.0,28.605506896972656
2004-03-08,38.38750076293945,38.38750076293945,38.38750076293945,38.38750076293945,0.0,28.605506896972656
2004-03-09,38.38750076293945,38.38750076293945,38.38750076293945,38.38750076293945,0.0,28.605506896972656
2004-03-10,38.38750076293945,38.38750076293945,38.38750076293945,38.38750076293945,0.0,28.605506896972656
2004-03-11,38.38750076293945,38.38750076293945,38.38750076293945,38.38750076293945,0.0,28.605506896972656
2004-03-12,38.38750076293945,38.38750076293945,38.38750076293945,38.38750076293945,0.0,28.605506896972656
2004-03-15,38.38750076293945,38.38750076293945,38.38750076293945,38.38750076293945,0.0,28.605506896972656
2004-03-16,38.38750076293945,38.38750076293945,38.38750076293945,38.38750076293945,0.0,28.605506896972656
2004-03-17,38.38750076293945,38.38750076293945,38.38750076293945,38.38750076293945,0.0,28.605506896972656
2004-03-18,38.38750076293945,38.38750076293945,38.38750076293945,38.38750076293945,0.0,28.605506896972656
2004-03-19,38.38750076293945,38.38750076293945,38.38750076293945,38.38750076293945,0.0,28.605506896972656
2004-03-22,38.38750076293945,38.38750076293945,38.38750076293945,38.38750076293945,0.0,28.605506896972656
2004-03-23,38.38750076293945,38.38750076293945,38.38750076293945,38.38750076293945,0.0,28.605506896972656
2004-03-24,38.38750076293945,38.38750076293945,38.38750076293945,38.38750076293945,0.0,28.605506896972656
2004-03-25,38.38750076293945,38.38750076293945,38.38750076293945,38.38750076293945,0.0,28.605506896972656
2004-03-26,38.38750076293945,38.38750076293945,38.38750076293945,38.38750076293945,0.0,28.605506896972656
2004-03-29,38.38750076293945,38.38750076293945,38.38750076293945,38.38750076293945,0.0,28.605506896972656
2004-03-30,38.38750076293945,38.38750076293945,38.38750076293945,38.38750076293945,0.0,28.605506896972656
2004-03-31,38.38750076293945,38.38750076293945,38.38750076293945,38.38750076293945,0.0,28.605506896972656
2004-04-01,38.38750076293945,38.38750076293945,38.38750076293945,38.38750076293945,0.0,28.605506896972656
2004-04-02,38.38750076293945,38.38750076293945,38.38750076293945,38.38750076293945,0.0,28.605506896972656
2004-04-05,38.38750076293945,38.38750076293945,38.38750076293945,38.38750076293945,0.0,28.605506896972656
2004-04-06,38.38750076293945,38.38750076293945,38.38750076293945,38.38750076293945,0.0,28.605506896972656
2004-04-07,38.38750076293945,38.38750076293945,38.38750076293945,38.38750076293945,0.0,28.605506896972656
2004-04-08,38.38750076293945,38.38750076293945,38.38750076293945,38.38750076293945,0.0,28.605506896972656
2004-04-09,38.38750076293945,38.38750076293945,38.38750076293945,38.38750076293945,0.0,28.605506896972656
2004-04-12,38.38750076293945,38.38750076293945,38.38750076293945,38.38750076293945,0.0,28.605506896972656
2004-04-13,38.38750076293945,38.38750076293945,38.38750076293945,38.38750076293945,0.0,28.605506896972656
2004-04-14,38.38750076293945,38.38750076293945,38.38750076293945,38.38750076293945,0.0,28.605506896972656
2004-04-15,38.38750076293945,38.38750076293945,38.38750076293945,38.38750076293945,0.0,28.605506896972656
2004-04-16,38.38750076293945,38.38750076293945,38.38750076293945,38.38750076293945,0.0,28.605506896972656
2004-04-19,38.38750076293945,38.38750076293945,38.38750076293945,38.38750076293945,0.0,28.605506896972656
2004-04-20,38.38750076293945,38.38750076293945,38.38750076293945,38.38750076293945,0.0,28.605506896972656
2004-04-21,38.38750076293945,38.38750076293945,38.38750076293945,38.38750076293945,0.0,28.605506896972656
2004-04-22,38.38750076293945,38.38750076293945,38.38750076293945,38.38750076293945,0.0,28.605506896972656
2004-04-23,38.38750076293945,38.38750076293945,38.38750076293945,38.38750076293945,0.0,28.605506896972656
2004-04-26,38.38750076293945,38.38750076293945,38.38750076293945,38.38750076293945,0.0,28.605506896972656
2004-04-27,38.38750076293945,38.38750076293945,38.38750076293945,38.38750076293945,0.0,28.605506896972656
2004-04-28,38.38750076293945,38.38750076293945,38.38750076293945,38.38750076293945,0.0,28.605506896972656
2004-04-29,38.38750076293945,38.38750076293945,38.38750076293945,38.38750076293945,0.0,28.605506896972656
2004-04-30,38.38750076293945,38.38750076293945,38.38750076293945,38.38750076293945,0.0,28.605506896972656
2004-05-03,38.38750076293945,38.38750076293945,38.38750076293945,38.38750076293945,0.0,28.605506896972656
2004-05-04,38.38750076293945,38.38750076293945,38.38750076293945,38.38750076293945,0.0,28.605506896972656
2004-05-05,38.38750076293945,38.38750076293945,38.38750076293945,38.38750076293945,0.0,28.605506896972656
2004-05-06,122.5,113.80000305175781,118.625,115.88749694824219,19760.0,86.35679626464844
2004-05-07,116.25,111.0999984741211,116.25,111.82499694824219,31344.0,83.32946014404297
2004-05-10,112.0,109.51249694824219,111.0,111.0999984741211,4904.0,82.78926849365234
2004-05-11,114.0,103.75,114.0,105.3125,21032.0,78.47650909423828
2004-05-12,108.75,91.5,102.25,98.44999694824219,134928.0,73.36273193359375
2004-05-13,100.0,88.75,90.01249694824219,95.82499694824219,55456.0,71.40663146972656
2004-05-14,98.75,87.5,97.5,89.0374984741211,31144.0,66.3487777709961
2004-05-17,85.0,71.5250015258789,85.0,74.5374984741211,33968.0,55.54366683959961
2004-05-18,82.5,75.0,80.25,80.0374984741211,29128.0,59.64213562011719
2004-05-19,88.5,82.125,84.5,85.55000305175781,39960.0,63.749969482421875
2004-05-20,86.25,82.5,86.25,83.51249694824219,32104.0,62.23162078857422
2004-05-21,82.5,79.0250015258789,81.2750015258789,80.7874984741211,31176.0,60.20104217529297
2004-05-24,89.98750305175781,80.75,80.75,89.5875015258789,54792.0,66.75859832763672
2004-05-25,87.75,83.0,87.75,86.0,32648.0,64.08528137207031
2004-05-26,90.0,86.0,88.75,86.7249984741211,18416.0,64.6255111694336
2004-05-27,89.36250305175781,86.44999694824219,87.5,86.98750305175781,14072.0,64.8211898803711
2004-05-28,87.5,82.5,87.5,83.1500015258789,17040.0,61.961524963378906
2004-05-31,81.2249984741211,77.69999694824219,79.125,79.2125015258789,11976.0,59.02738952636719
2004-06-01,84.75,79.38749694824219,82.4625015258789,80.11250305175781,29320.0,59.698055267333984
2004-06-02,82.125,79.7750015258789,82.125,80.0,4560.0,59.61420440673828
2004-06-03,83.3499984741211,78.30000305175781,82.0,78.67500305175781,13808.0,58.626853942871094
2004-06-04,81.25,77.25,81.23750305175781,78.4625015258789,23944.0,58.468509674072266
2004-06-07,80.0,78.25,80.0,79.2249984741211,9608.0,59.03669738769531
2004-06-08,79.2249984741211,76.61250305175781,78.4000015258789,77.4749984741211,10272.0,57.73263168334961
2004-06-09,81.2249984741211,77.375,77.5,79.92500305175781,31424.0,59.55830383300781
2004-06-10,91.25,80.0,81.25,87.23750305175781,54480.0,65.00746154785156
2004-06-11,102.0,91.26249694824219,91.26249694824219,93.61250305175781,1495680.0,69.75797271728516
2004-06-14,93.75,85.75,93.38749694824219,86.3499984741211,295448.0,64.3460922241211
2004-06-15,89.25,85.7125015258789,88.0,86.8125,172688.0,64.69072723388672
2004-06-16,87.8499984741211,85.5,87.5,85.9124984741211,62312.0,64.02005767822266
2004-06-17,86.92500305175781,85.625,85.625,86.1624984741211,30208.0,64.20638275146484
2004-06-18,93.25,86.36250305175781,86.36250305175781,88.9749984741211,91440.0,66.30216979980469
2004-06-21,92.0,86.80000305175781,90.0,88.0250015258789,49328.0,65.59423065185547
2004-06-22,88.25,85.5,88.0,85.9749984741211,20064.0,64.06664276123047
2004-06-23,87.5,82.82499694824219,86.875,84.30000305175781,22912.0,62.81845474243164
2004-06-24,86.5,83.2750015258789,84.98750305175781,85.69999694824219,21592.0,63.861724853515625
2004-06-25,87.5,85.0,85.0,85.69999694824219,60280.0,63.861724853515625
2004-06-28,91.25,87.19999694824219,87.19999694824219,89.8499984741211,100536.0,66.95423126220703
2004-06-29,91.4749984741211,88.125,91.25,89.23750305175781,47952.0,66.49781799316406
2004-06-30,90.25,87.0,89.0,87.25,20576.0,65.01675415039062
2004-07-01,88.9625015258789,87.5250015258789,88.48750305175781,88.3499984741211,15168.0,65.83646392822266
2004-07-02,93.0,89.5,89.5,91.4375,123232.0,68.13715362548828
2004-07-05,91.625,87.75,91.0,88.375,22040.0,65.85507202148438
2004-07-06,90.0,88.13749694824219,88.13749694824219,89.2125015258789,39312.0,66.47916412353516
2004-07-07,90.75,87.5,90.0,88.11250305175781,39640.0,65.65948486328125
2004-07-08,90.0374984741211,83.73750305175781,87.5,84.4375,80424.0,62.92091369628906
2004-07-09,86.25,78.0625,78.7750015258789,85.625,29280.0,63.80584716796875
2004-07-12,88.2125015258789,85.0,86.25,87.30000305175781,22272.0,65.05402374267578
2004-07-13,90.25,88.0,88.76249694824219,88.3375015258789,48160.0,65.82713317871094
2004-07-14,92.5,88.875,89.98750305175781,90.61250305175781,74376.0,67.5224380493164
2004-07-15,91.94999694824219,90.5625,91.75,90.9000015258789,36024.0,67.73666381835938
2004-07-16,95.5,92.5250015258789,93.7249984741211,93.9749984741211,167704.0,70.02808380126953
2004-07-19,97.19999694824219,93.75,95.25,95.4124984741211,174480.0,71.0992660522461
2004-07-20,98.25,94.7750015258789,96.0,97.1875,157816.0,72.42193603515625
2004-07-21,99.76249694824219,95.5,99.76249694824219,96.32499694824219,129968.0,71.77925109863281
2004-07-22,97.5,95.51249694824219,97.5,95.82499694824219,64272.0,71.40663146972656
2004-07-23,97.5,95.7750015258789,97.5,96.86250305175781,42576.0,72.1797866821289
2004-07-26,97.375,96.125,97.0,96.9375,29512.0,72.23564147949219
2004-07-27,96.9375,96.9375,96.9375,96.9375,0.0,72.23564147949219
2004-07-28,103.0,99.0,100.5,101.0625,182768.0,75.30951690673828
2004-07-29,101.9625015258789,99.0,101.5,100.26249694824219,93344.0,74.71338653564453
2004-07-30,102.25,100.0,102.25,100.13749694824219,73272.0,74.62022399902344
2004-08-02,100.75,99.75,99.8125,100.0250015258789,99528.0,74.5363998413086
2004-08-03,100.6875,99.5374984741211,100.25,99.9000015258789,25104.0,74.4432601928711
2004-08-04,100.17500305175781,95.0,95.0,99.94999694824219,43656.0,74.48048400878906
2004-08-05,100.69999694824219,98.25,99.75,98.8499984741211,44048.0,73.66079711914062
2004-08-06,99.9000015258789,97.5,98.2750015258789,97.5625,32392.0,72.70140075683594
2004-08-09,98.75,95.32499694824219,97.51249694824219,98.4749984741211,19040.0,73.3813705444336
2004-08-10,101.375,98.375,101.2249984741211,101.19999694824219,50656.0,75.41197967529297
2004-08-11,109.0,100.5,101.5625,106.30000305175781,271960.0,79.21237182617188
2004-08-12,106.30000305175781,106.30000305175781,106.30000305175781,106.30000305175781,0.0,79.21237182617188
2004-08-13,111.75,105.0,110.0,106.875,119976.0,79.64085388183594
2004-08-16,106.07499694824219,101.7874984741211,104.75,102.4000015258789,39776.0,76.30619049072266
2004-08-17,105.86250305175781,102.0,104.0,102.4124984741211,74976.0,76.31550598144531
2004-08-18,104.4749984741211,102.0,103.375,102.4375,21432.0,76.3341064453125
2004-08-19,104.375,103.125,103.5,104.0625,19856.0,77.54505157470703
2004-08-20,104.2249984741211,102.4000015258789,102.75,102.7125015258789,22184.0,76.53904724121094
2004-08-23,109.75,97.61250305175781,97.61250305175781,107.01249694824219,108624.0,79.74333190917969
2004-08-24,116.4375,108.5,109.94999694824219,115.17500305175781,455456.0,85.82585144042969
2004-08-25,149.83749389648438,122.375,149.83749389648438,123.4937515258789,136928.0,92.02476501464844
2004-08-26,124.625,121.9124984741211,124.0,122.375,40443200.0,91.19111633300781
2004-08-27,122.80000305175781,119.81999969482422,122.80000305175781,120.3324966430664,30646000.0,89.66909790039062
2004-08-30,123.75,120.625,121.23750305175781,123.34500122070312,24465208.0,91.9139404296875
2004-08-31,123.75,122.0,123.3125,123.51249694824219,21194656.0,92.03874206542969
2004-09-01,124.375,122.94999694824219,123.75,123.48750305175781,19935544.0,92.02014923095703
2004-09-02,125.57499694824219,123.25,123.73750305175781,124.2074966430664,21356352.0,92.55665588378906
2004-09-03,137.5,123.79499816894531,125.75,124.73249816894531,9869856.0,92.94786834716797
2004-09-06,129.9875030517578,124.11250305175781,129.9875030517578,124.35749816894531,9038672.0,92.66844177246094
2004-09-07,129.375,124.375,129.375,124.44999694824219,5772232.0,92.7373275756836
2004-09-08,125.0999984741211,123.88749694824219,124.5,124.2125015258789,6593984.0,92.56037139892578
2004-09-09,124.73750305175781,122.30750274658203,124.625,122.49500274658203,7947184.0,91.28054809570312
2004-09-10,123.75,122.0,123.75,123.5999984741211,6415072.0,92.10395050048828
2004-09-13,126.9375,123.875,123.875,125.4375,20904912.0,93.4732437133789
2004-09-14,127.3499984741211,125.37000274658203,125.625,126.9574966430664,15335472.0,94.60591125488281
2004-09-15,127.5,125.1500015258789,127.25,125.76249694824219,11988288.0,93.71540832519531
2004-09-16,126.875,125.3125,125.875,126.05750274658203,7358224.0,93.93522644042969
2004-09-17,128.7375030517578,126.2874984741211,126.5,128.0625,14627896.0,95.42931365966797
2004-09-20,129.6125030517578,127.5199966430664,129.0500030517578,127.86250305175781,8552224.0,95.28028106689453
2004-09-21,131.0625,127.75,128.1074981689453,130.72500610351562,13897080.0,97.41336059570312
2004-09-22,132.0,129.6374969482422,131.0500030517578,131.50750732421875,15371584.0,97.9964828491211
2004-09-23,131.125,128.375,131.0,128.78250122070312,15819680.0,95.96585083007812
2004-09-24,130.0,128.25,128.6374969482422,128.60000610351562,8083208.0,95.8298568725586
2004-09-27,129.0625,126.875,128.4375,127.59500122070312,8229512.0,95.08094024658203
2004-09-28,128.4250030517578,126.5625,127.0,126.94499969482422,6339416.0,94.59656524658203
2004-09-29,129.125,127.0199966430664,127.40750122070312,128.875,11737176.0,96.0347671508789
2004-09-30,130.1125030517578,127.5824966430664,129.4499969482422,128.3874969482422,12521432.0,95.6715087890625
2004-10-01,132.0574951171875,128.2949981689453,128.625,130.96249389648438,10968888.0,97.59031677246094
2004-10-04,135.125,131.8074951171875,132.125,134.5625,15129824.0,100.27297973632812
2004-10-05,136.125,134.4375,135.03750610351562,135.08749389648438,14341288.0,100.66415405273438
2004-10-06,137.85000610351562,134.38250732421875,135.125,135.1999969482422,17670664.0,100.74803924560547
2004-10-07,137.5,135.375,135.375,137.1374969482422,10080128.0,102.19180297851562
2004-10-08,138.875,136.875,137.25,137.25750732421875,8558920.0,102.28125
2004-10-11,138.9375,135.625,137.5,136.16250610351562,9332056.0,101.46527862548828
2004-10-12,139.375,134.70750427246094,138.75,135.5574951171875,15600512.0,101.01443481445312
2004-10-14,140.5,136.00750732421875,137.875,139.52499389648438,19225984.0,103.97091674804688
2004-10-15,142.625,139.65750122070312,140.21249389648438,140.75,17799744.0,104.88377380371094
2004-10-18,142.75,140.65750122070312,141.75,142.15750122070312,13693344.0,105.93260955810547
2004-10-19,143.58749389648438,142.0124969482422,142.52000427246094,142.89999389648438,11767128.0,106.4858627319336
2004-10-20,143.7375030517578,141.125,143.10000610351562,141.65750122070312,7206832.0,105.55998992919922
2004-10-21,142.375,140.25,142.15750122070312,140.69500732421875,6413520.0,104.84276580810547
2004-10-22,140.69500732421875,140.69500732421875,140.69500732421875,140.69500732421875,0.0,104.84276580810547
2004-10-25,140.875,138.84500122070312,140.625,139.6699981689453,9390272.0,104.07897186279297
2004-10-26,142.6199951171875,139.4499969482422,139.4499969482422,142.14999389648438,6932760.0,105.9269790649414
2004-10-27,143.5,141.89999389648438,142.78250122070312,142.4875030517578,7837656.0,106.17852783203125
2004-10-28,146.85000610351562,143.125,143.125,145.7449951171875,18591416.0,108.89250946044922
2004-10-29,145.9949951171875,143.14500427246094,145.9949951171875,144.53250122070312,8661776.0,107.98657989501953
2004-11-01,146.8074951171875,142.78750610351562,143.75,146.33250427246094,6137568.0,109.3315200805664
2004-11-02,147.47000122070312,140.625,141.25,144.96249389648438,8864040.0,108.307861328125
2004-11-03,148.0,145.125,145.125,146.89999389648438,8978136.0,109.75542449951172
2004-11-04,148.4875030517578,145.96249389648438,147.72000122070312,146.3000030517578,6555808.0,109.3071517944336
2004-11-05,147.5,145.0,146.7449951171875,145.6824951171875,5023848.0,108.8458023071289
2004-11-08,148.6125030517578,144.5,145.625,148.02000427246094,10291728.0,110.59220123291016
2004-11-09,149.7375030517578,147.125,148.375,148.5500030517578,7338712.0,110.98822784423828
2004-11-10,149.875,148.7624969482422,148.875,149.2949981689453,5734392.0,111.54483795166016
2004-11-11,150.4250030517578,148.8874969482422,149.875,149.53250122070312,5235128.0,111.72232818603516
2004-11-12,151.0,148.77499389648438,150.5,149.59500122070312,1813408.0,111.76895904541016
2004-11-15,149.59500122070312,149.59500122070312,149.59500122070312,149.59500122070312,0.0,111.76895904541016
2004-11-16,149.75,148.0,149.75,148.8625030517578,4005504.0,111.22172546386719
2004-11-17,151.2375030517578,148.9375,148.9375,150.6750030517578,5467936.0,112.57588195800781
2004-11-18,154.32000732421875,150.8125,151.1824951171875,153.875,7472128.0,114.96678924560547
2004-11-19,154.625,151.3874969482422,154.125,152.1374969482422,6812760.0,113.6686019897461
2004-11-22,153.25,149.375,150.97500610351562,152.8074951171875,4738272.0,114.1692123413086
2004-11-23,155.25,153.02000427246094,153.8249969482422,154.44500732421875,4312792.0,115.39260864257812
2004-11-24,155.625,153.77000427246094,154.875,154.2375030517578,3223304.0,115.23760223388672
2004-11-25,155.5,151.08250427246094,154.25,152.1074981689453,6310872.0,113.64620971679688
2004-11-26,152.1074981689453,152.1074981689453,152.1074981689453,152.1074981689453,0.0,113.64620971679688
2004-11-29,155.96249389648438,150.69500732421875,152.0,155.4875030517578,5281488.0,116.17160034179688
2004-11-30,160.75,155.625,156.02000427246094,159.33250427246094,10508144.0,119.04436492919922
2004-12-01,160.125,157.125,160.125,157.69500732421875,8481864.0,117.8208999633789
2004-12-02,159.625,154.8874969482422,158.125,155.3249969482422,9657704.0,116.05013275146484
2004-12-03,156.9875030517578,152.69500732421875,156.15750122070312,154.59500122070312,9777216.0,115.50474548339844
2004-12-06,156.25,151.0625,155.0,151.82000732421875,11473872.0,113.43144226074219
2004-12-07,154.1125030517578,151.875,152.0,152.28250122070312,7863224.0,113.77696228027344
2004-12-08,153.3249969482422,149.50750732421875,152.25,150.10000610351562,7329408.0,112.14630889892578
2004-12-09,152.125,150.6074981689453,150.6199951171875,151.4324951171875,3801224.0,113.141845703125
2004-12-10,154.4375,151.75,152.5,153.20750427246094,6216808.0,114.46807861328125
2004-12-13,155.20750427246094,153.15750122070312,153.25,154.52000427246094,4996232.0,115.44869232177734
2004-12-14,155.58749389648438,153.78750610351562,155.25,154.14500427246094,3083504.0,115.16851806640625
2004-12-15,156.84500122070312,154.75,155.5,155.6875,5772672.0,116.32101440429688
2004-12-16,158.125,154.75,156.0574951171875,157.83250427246094,4350464.0,117.92363739013672
2004-12-17,159.35000610351562,156.5124969482422,157.5,157.0625,5509752.0,117.34832763671875
2004-12-20,158.5625,157.0625,157.5,157.82000732421875,2268424.0,117.9142837524414
2004-12-21,159.625,157.89500427246094,158.1199951171875,159.08749389648438,3458512.0,118.86124420166016
2004-12-22,159.3874969482422,153.75,159.3874969482422,155.02000427246094,6001712.0,115.82227325439453
2004-12-23,155.96249389648438,153.125,155.96249389648438,153.4824981689453,3948912.0,114.67352294921875
2004-12-24,159.0,152.69500732421875,154.1199951171875,158.4949951171875,6661856.0,118.41860961914062
2004-12-27,160.625,157.77499389648438,158.75,158.82000732421875,4400504.0,118.66142272949219
2004-12-28,164.25,158.27499389648438,159.0,163.6699981689453,9614448.0,122.28499603271484
2004-12-29,167.1125030517578,164.14500427246094,164.6199951171875,165.03250122070312,6633224.0,123.30302429199219
2004-12-30,166.0,161.4824981689453,164.75,162.08250427246094,5626792.0,121.0989761352539
2004-12-31,167.35000610351562,162.08250427246094,162.5,166.9324951171875,4899312.0,124.72257232666016
2005-01-03,169.58749389648438,166.9324951171875,166.9324951171875,169.15750122070312,4734168.0,126.3849868774414
2005-01-04,169.25,166.64500427246094,168.75,167.65750122070312,4979104.0,125.26429748535156
2005-01-05,167.52499389648438,160.03750610351562,167.52499389648438,165.625,9604320.0,123.7457504272461
2005-01-06,168.25,161.5625,165.0,165.0574951171875,8006888.0,123.32169342041016
2005-01-07,168.125,164.08250427246094,166.25,167.4949951171875,7623136.0,125.142822265625
2005-01-10,169.9250030517578,165.25,168.58250427246094,165.9324951171875,7521568.0,123.9754867553711
2005-01-11,166.91250610351562,162.625,166.25,164.22000122070312,7986376.0,122.69601440429688
2005-01-12,170.9949951171875,160.83749389648438,165.7449951171875,162.25750732421875,20720032.0,121.22969818115234
2005-01-13,167.33749389648438,159.375,163.75,161.6125030517578,27757952.0,120.7478256225586
2005-01-14,164.7375030517578,159.625,163.08749389648438,162.0500030517578,15757776.0,121.07465362548828
2005-01-17,163.6999969482422,155.02499389648438,163.6999969482422,157.90750122070312,13651184.0,117.9796371459961
2005-01-18,160.5,157.1875,159.33749389648438,157.9824981689453,6183264.0,118.03565216064453
2005-01-19,159.21249389648438,156.3874969482422,158.25,156.9250030517578,3538488.0,117.24557495117188
2005-01-20,156.875,153.75,156.875,155.46249389648438,4536200.0,116.15288543701172
2005-01-24,155.9199981689453,151.9199981689453,155.46249389648438,152.58250427246094,3628192.0,114.00110626220703
2005-01-25,154.9875030517578,150.8874969482422,151.85000610351562,154.4324951171875,4465928.0,115.38330841064453
2005-01-27,156.72500610351562,154.41250610351562,155.40750122070312,155.07000732421875,5455344.0,115.8596420288086
2005-01-28,161.85000610351562,155.3125,155.3574981689453,161.14999389648438,8393816.0,120.40223693847656
2005-01-31,163.97500610351562,161.28250122070312,162.25,162.5500030517578,5853384.0,121.4482650756836
2005-02-01,165.0,160.875,163.375,164.40750122070312,8019840.0,122.8360595703125
2005-02-02,165.4324951171875,162.875,164.875,163.6199951171875,4870456.0,122.2476577758789
2005-02-03,164.34500122070312,162.75,164.0,163.8874969482422,3327616.0,122.77584075927734
2005-02-04,165.25,162.57000732421875,163.75,163.3074951171875,2684040.0,122.34130859375
2005-02-07,166.33749389648438,162.625,164.0749969482422,164.22000122070312,5944216.0,123.02490234375
2005-02-08,165.375,163.5,164.22000122070312,164.5,3284432.0,123.2347183227539
2005-02-09,167.9499969482422,165.09500122070312,165.125,166.60000610351562,5537936.0,124.80790710449219
2005-02-10,167.9375,165.375,166.25,166.58250427246094,4376648.0,124.79483032226562
2005-02-11,173.375,167.25,167.25,172.72000122070312,10367096.0,129.39271545410156
2005-02-14,177.25,173.88250732421875,173.88250732421875,176.20750427246094,8875264.0,132.0052947998047
2005-02-15,176.875,171.75,176.25,172.6699981689453,3976720.0,129.35519409179688
2005-02-16,174.875,170.125,174.875,171.02000427246094,3126832.0,128.11915588378906
2005-02-17,173.25,168.8249969482422,171.02000427246094,172.7324981689453,4124976.0,129.402099609375
2005-02-18,174.0,169.375,172.5,171.875,2545144.0,128.75970458984375
2005-02-21,171.97500610351562,168.1374969482422,171.375,170.69500732421875,1777152.0,127.87567901611328
2005-02-22,171.2449951171875,168.875,170.58749389648438,170.4324951171875,2139040.0,127.6789779663086
2005-02-23,172.7624969482422,169.39500427246094,170.4324951171875,171.8699951171875,5166816.0,128.75588989257812
2005-02-24,174.4875030517578,170.14999389648438,171.8699951171875,170.9949951171875,10806440.0,128.10040283203125
2005-02-25,172.375,169.14500427246094,172.10000610351562,170.50750732421875,5070896.0,127.73524475097656
2005-02-28,173.125,167.5,172.375,172.6125030517578,6402408.0,129.31214904785156
2005-03-01,180.0,168.875,172.625,169.6824951171875,4958152.0,127.11710357666016
2005-03-02,171.875,170.1999969482422,171.875,171.0,2658112.0,128.10411071777344
2005-03-03,174.375,170.5,171.25,173.69500732421875,2891160.0,130.12310791015625
2005-03-04,175.4375,172.75,174.25,174.03250122070312,4017872.0,130.37596130371094
2005-03-07,176.0,174.25,174.375,175.02499389648438,3658032.0,131.11947631835938
2005-03-08,177.6125030517578,174.4199981689453,175.5,176.7449951171875,5027680.0,132.40797424316406
2005-03-09,178.3125,174.38250732421875,176.125,175.9375,5422088.0,131.80308532714844
2005-03-10,176.25,173.78250122070312,176.25,174.94500732421875,2302280.0,131.05955505371094
2005-03-11,179.3625030517578,175.625,175.75,178.4324951171875,5205744.0,133.67221069335938
2005-03-14,182.5,177.5,178.5,181.4824981689453,6534032.0,135.95712280273438
2005-03-15,182.75,178.75,181.375,180.33250427246094,4146480.0,135.09555053710938
2005-03-16,183.4499969482422,180.0,180.0,181.50750732421875,5473416.0,135.97584533691406
2005-03-17,184.21249389648438,180.0,181.0,182.6199951171875,6805328.0,136.8092498779297
2005-03-18,184.0625,178.125,182.375,183.58749389648438,6123464.0,137.53404235839844
2005-03-21,184.375,180.5749969482422,183.77000427246094,182.0574951171875,4354120.0,136.3878631591797
2005-03-22,182.1374969482422,180.0124969482422,181.85000610351562,180.44500732421875,2684432.0,135.17982482910156
2005-03-23,181.0,176.6699981689453,180.0,177.65750122070312,3439416.0,133.09164428710938
2005-03-24,179.75,172.20750427246094,178.75,173.0449981689453,5954576.0,129.63612365722656
2005-03-28,176.1074981689453,173.0,173.875,174.0500030517578,3699728.0,130.38905334472656
2005-03-29,174.75,170.27499389648438,174.375,171.3625030517578,3053400.0,128.37570190429688
2005-03-30,175.0,170.0,171.3874969482422,173.82000732421875,4115256.0,130.2167510986328
2005-03-31,180.6374969482422,174.65750122070312,175.5625,179.00750732421875,6914640.0,134.1029510498047
2005-04-01,182.125,176.75,179.125,181.3699951171875,5562672.0,135.87281799316406
2005-04-04,182.10000610351562,177.91250610351562,181.5,178.47000122070312,5257360.0,133.70033264160156
2005-04-05,180.3125,177.0124969482422,178.625,178.1824951171875,3367832.0,133.48486328125
2005-04-06,181.0,178.375,178.375,180.1699981689453,1953408.0,134.9738311767578
2005-04-07,181.25,177.75,180.125,178.14999389648438,2483216.0,133.4605712890625
2005-04-08,179.3625030517578,173.75750732421875,178.83749389648438,174.19500732421875,4052280.0,130.49766540527344
2005-04-11,175.0,170.0124969482422,174.625,170.4499969482422,2822992.0,127.6921615600586
2005-04-12,174.875,170.625,174.875,172.75,4112696.0,129.4152069091797
2005-04-13,175.875,173.19500732421875,174.25,175.1999969482422,4638600.0,131.2506103515625
2005-04-15,174.375,164.375,174.375,164.875,9862480.0,123.51560974121094
2005-04-18,168.58749389648438,161.375,162.5,164.83250427246094,6024304.0,123.48379516601562
2005-04-19,168.6125030517578,147.2624969482422,166.25,151.08749389648438,27235152.0,113.18675994873047
2005-04-20,150.0,136.66250610351562,150.0,139.52499389648438,47498256.0,104.52474212646484
2005-04-21,143.5,138.75,140.625,142.8000030517578,13252336.0,106.97817993164062
2005-04-22,146.45750427246094,142.53250122070312,145.0,145.84500122070312,12958672.0,109.25936889648438
2005-04-25,145.9875030517578,143.5,145.60000610351562,144.6199951171875,6880584.0,108.34169006347656
2005-04-26,145.47500610351562,141.7624969482422,144.625,142.08749389648438,5539000.0,106.44445037841797
2005-04-27,142.6374969482422,138.875,142.6374969482422,139.45750427246094,6537368.0,104.47417449951172
2005-04-28,141.25,137.14500427246094,139.3874969482422,139.35000610351562,8728872.0,104.39366912841797
2005-04-29,143.08749389648438,139.63250732421875,141.10000610351562,141.3874969482422,11065704.0,105.9200210571289
2005-05-02,147.25,139.7624969482422,143.75,141.1125030517578,5129600.0,105.71404266357422
2005-05-03,141.875,138.1699981689453,141.25,138.5749969482422,5503048.0,103.81307983398438
2005-05-04,140.5625,138.3125,138.3125,140.1074981689453,4792144.0,104.96112823486328
2005-05-05,143.75,140.69500732421875,143.7449951171875,142.1074981689453,6495064.0,106.45942687988281
2005-05-06,146.46249389648438,141.52000427246094,142.5,145.9375,8188664.0,109.32861328125
2005-05-09,147.78250122070312,145.78250122070312,146.25,146.90750122070312,4739040.0,110.05533599853516
2005-05-10,147.25,143.28250122070312,147.25,144.0625,7075952.0,107.92399597167969
2005-05-11,144.0749969482422,142.2449951171875,143.5,143.6374969482422,3213288.0,107.6055908203125
2005-05-12,145.21249389648438,142.89500427246094,144.875,143.34500122070312,3608944.0,107.38645935058594
2005-05-13,143.875,142.52000427246094,143.625,143.5749969482422,2388752.0,107.55876922607422
2005-05-16,144.8625030517578,142.78250122070312,143.125,144.28750610351562,5775200.0,108.09254455566406
2005-05-17,145.58749389648438,143.0500030517578,145.1374969482422,143.82000732421875,4666576.0,107.74234771728516
2005-05-18,144.25,140.375,144.25,142.83749389648438,4588224.0,107.00627136230469
2005-05-19,146.5,144.14999389648438,144.1824951171875,145.3125,3659448.0,108.86045837402344
2005-05-20,146.83749389648438,143.39999389648438,145.625,146.20750427246094,3265616.0,109.53092193603516
2005-05-23,154.3625030517578,146.25,146.25,152.97500610351562,10362016.0,114.60079193115234
2005-05-24,155.58749389648438,150.65750122070312,155.58749389648438,154.3574981689453,6128856.0,115.63651275634766
2005-05-25,158.6750030517578,151.875,153.71249389648438,157.57000732421875,7894472.0,118.04315948486328
2005-05-26,162.0,156.39500427246094,157.25,161.25750732421875,9782096.0,120.80561065673828
2005-05-27,162.375,156.90750122070312,160.375,158.64999389648438,7363480.0,118.8521728515625
2005-05-30,166.63250732421875,158.0,158.64999389648438,164.8874969482422,17893184.0,123.52499389648438
2005-05-31,167.8625030517578,163.19500732421875,165.0,166.78250122070312,10365568.0,124.9446792602539
2005-06-01,166.25,162.19500732421875,166.25,163.0625,7530088.0,122.15773010253906
2005-06-02,163.625,158.1374969482422,163.5,158.57000732421875,11076624.0,118.79225158691406
2005-06-03,162.08749389648438,157.63250732421875,158.57000732421875,161.64500427246094,6548528.0,121.09591674804688
2005-06-06,162.71249389648438,158.78750610351562,161.875,160.0500030517578,5792512.0,119.9010009765625
2005-06-07,161.10000610351562,158.63250732421875,161.10000610351562,159.70750427246094,3698192.0,119.64436340332031
2005-06-08,162.0,159.5124969482422,160.0,161.5124969482422,4832512.0,120.99662017822266
2005-06-09,162.375,158.9199981689453,161.75,159.66250610351562,3598336.0,119.61068725585938
2005-06-10,162.5,157.6374969482422,160.0,158.27000427246094,6642624.0,118.56751251220703
2005-06-13,160.375,157.52499389648438,159.375,158.95750427246094,2590032.0,119.08255767822266
2005-06-14,159.9875030517578,157.52499389648438,159.625,158.25750732421875,3452384.0,118.5581283569336
2005-06-15,159.7375030517578,158.28750610351562,158.72000122070312,159.02000427246094,2791072.0,119.12942504882812
2005-06-16,160.9875030517578,158.1074981689453,159.72500610351562,159.71249389648438,4593552.0,119.6481704711914
2005-06-17,160.8074951171875,157.8874969482422,160.33749389648438,158.45750427246094,3067992.0,118.70800018310547
2005-06-20,162.7449951171875,158.78750610351562,159.375,161.9875030517578,6412672.0,121.35247802734375
2005-06-21,164.0500030517578,160.41250610351562,162.5,163.1374969482422,10463544.0,122.21398162841797
2005-06-22,167.375,163.625,163.625,166.6699981689453,11537376.0,124.86033630371094
2005-06-23,167.22000122070312,163.125,166.25,163.4250030517578,3676944.0,122.42935943603516
2005-06-24,167.28750610351562,161.875,162.5,165.72000122070312,6021320.0,124.14861297607422
2005-06-27,166.625,163.5,164.96249389648438,164.5574951171875,3548128.0,123.27779388427734
2005-06-28,166.0,164.25750732421875,164.75,165.44500732421875,5776112.0,123.9426498413086
2005-06-29,169.7449951171875,165.27000427246094,165.625,166.57000732421875,6446640.0,124.78546142578125
2005-06-30,170.625,167.35000610351562,167.35000610351562,169.7624969482422,7189000.0,127.1771240234375
2005-07-01,169.58749389648438,167.5449981689453,168.75,169.0500030517578,4820568.0,126.6432876586914
2005-07-04,171.4875030517578,166.375,169.85000610351562,169.88250732421875,3951648.0,127.26698303222656
2005-07-05,171.22000122070312,164.0749969482422,171.22000122070312,165.02499389648438,5187376.0,123.62799835205078
2005-07-06,166.5749969482422,164.52000427246094,165.75,165.3874969482422,3057216.0,124.3705825805664
2005-07-07,167.5,162.90750122070312,165.3874969482422,163.70750427246094,3488888.0,123.10724639892578
2005-07-08,166.1750030517578,161.69500732421875,163.8249969482422,163.8874969482422,6088000.0,123.24259185791016
2005-07-11,166.25,163.8874969482422,163.8874969482422,165.75750732421875,3791264.0,124.64884948730469
2005-07-12,165.125,159.03750610351562,164.8249969482422,160.7375030517578,6150600.0,120.873779296875
2005-07-13,162.5,158.375,160.625,158.84500122070312,6469840.0,119.45068359375
2005-07-14,160.96249389648438,152.0449981689453,159.83250427246094,153.125,8860408.0,115.14924621582031
2005-07-15,157.7375030517578,151.88250732421875,153.875,156.0574951171875,9341720.0,117.35447692871094
2005-07-18,184.875,156.5,156.5,165.27499389648438,14475608.0,124.28599548339844
2005-07-19,169.75,157.5,168.5500030517578,164.89500427246094,4677744.0,124.00025939941406
2005-07-20,166.875,163.14500427246094,166.875,163.53250122070312,3494304.0,122.97563171386719
2005-07-21,165.125,160.0,165.125,161.28750610351562,4198984.0,121.287353515625
2005-07-22,162.2324981689453,158.8000030517578,160.625,161.7449951171875,5179296.0,121.63143157958984
2005-07-25,162.7949981689453,159.39999389648438,162.0749969482422,160.5449981689453,5433024.0,120.72900390625
2005-07-26,161.5,157.5,160.7324981689453,158.15750122070312,5229680.0,118.9336929321289
2005-07-27,161.0,158.125,158.125,160.5625,2597408.0,120.74219512939453
2005-07-28,321.125,321.125,321.125,321.125,0.0,241.48439025878906
2005-07-29,161.25,157.75,159.375,158.60000610351562,8358552.0,119.26648712158203
2005-08-01,159.375,155.33250427246094,158.375,156.52499389648438,5430792.0,117.70598602294922
2005-08-02,162.25,157.25,161.5,161.28750610351562,4821520.0,121.287353515625
2005-08-03,163.4250030517578,160.375,162.1875,162.59500122070312,7274320.0,122.2706298828125
2005-08-04,164.97500610351562,161.0,163.125,161.90750122070312,6346936.0,121.75361633300781
2005-08-05,163.5,159.64999389648438,162.5,160.6750030517578,3162848.0,120.8268051147461
2005-08-08,161.25,158.40750122070312,161.25,160.38250732421875,4109360.0,120.60688018798828
2005-08-09,160.875,158.0,159.375,160.5500030517578,4743752.0,120.73286437988281
2005-08-10,164.58250427246094,160.70750427246094,160.70750427246094,164.13250732421875,6958080.0,123.42686462402344
2005-08-11,166.125,163.3249969482422,164.58250427246094,164.1074981689453,3645312.0,123.4080581665039
2005-08-12,166.0500030517578,159.4499969482422,166.0500030517578,160.3574981689453,3821832.0,120.5880355834961
2005-08-16,161.25,158.125,161.25,158.63250732421875,3653408.0,119.29085540771484
2005-08-17,162.75,157.66250610351562,160.0,162.39500427246094,5637488.0,122.12027740478516
2005-08-18,165.625,163.16250610351562,163.375,164.21249389648438,7813656.0,123.77281188964844
2005-08-19,166.5,163.8874969482422,164.375,165.6699981689453,4966272.0,124.8713607788086
2005-08-22,168.5500030517578,155.625,165.625,164.7324981689453,4492016.0,124.16472625732422
2005-08-23,166.33250427246094,164.125,165.875,164.50750732421875,4686416.0,123.99517059326172
2005-08-24,164.75,160.5,164.50750732421875,161.96249389648438,4036760.0,122.07688903808594
2005-08-25,166.25,162.5,163.125,165.45750427246094,6341224.0,124.71128845214844
2005-08-26,171.25,165.625,166.0574951171875,170.59500122070312,8198664.0,128.58355712890625
2005-08-29,172.25,166.25,171.25,169.4199981689453,4081336.0,127.69793701171875
2005-08-30,173.875,169.45750427246094,169.45750427246094,173.0449981689453,5807592.0,130.43017578125
2005-08-31,176.9199981689453,172.5,172.60000610351562,175.6074981689453,7408896.0,132.36163330078125
2005-09-01,179.25,176.125,176.2324981689453,178.03250122070312,7600184.0,134.189453125
2005-09-02,180.0,176.88250732421875,178.75,178.39999389648438,4920864.0,134.46644592285156
2005-09-05,183.3625030517578,175.7949981689453,180.0,176.28250122070312,7254784.0,132.87042236328125
2005-09-06,177.4875030517578,173.5,176.875,174.8074951171875,5023440.0,131.7585906982422
2005-09-08,176.875,174.40750122070312,175.0,175.7624969482422,2878192.0,132.47845458984375
2005-09-09,176.75,168.875,168.875,173.9949951171875,3741776.0,131.14620971679688
2005-09-12,204.75,175.8125,178.625,178.77499389648438,6631072.0,134.74908447265625
2005-09-13,178.875,176.3249969482422,178.875,177.8000030517578,2244984.0,134.0142059326172
2005-09-14,178.375,173.375,177.5,175.02000427246094,3890080.0,131.91880798339844
2005-09-15,181.84500122070312,175.25,175.25,181.2375030517578,11040736.0,136.60519409179688
2005-09-16,184.71249389648438,179.52499389648438,181.84500122070312,182.1999969482422,5480184.0,137.3306427001953
2005-09-19,185.0,180.375,184.71249389648438,181.77000427246094,2877448.0,137.00657653808594
2005-09-20,185.0,177.5,181.875,183.8074951171875,6293424.0,138.54226684570312
2005-09-21,184.5,175.0,184.25,181.70750427246094,6215320.0,136.95947265625
2005-09-22,185.875,174.625,184.5,175.1824951171875,6482408.0,132.04135131835938
2005-09-23,178.72500610351562,175.0449981689453,175.0449981689453,176.5574951171875,3815824.0,133.07765197753906
2005-09-26,184.125,177.0,177.5,183.2375030517578,2290048.0,138.1126251220703
2005-09-27,185.125,180.78750610351562,184.375,182.78750610351562,6404008.0,137.7734832763672
2005-09-28,184.3625030517578,180.875,183.0,183.6875,5900064.0,138.45181274414062
2005-09-29,186.8000030517578,183.125,185.0,184.1074981689453,8421888.0,138.76834106445312
2005-09-30,186.47500610351562,183.03250122070312,185.0,185.2949981689453,4982976.0,139.66343688964844
2005-10-03,188.1125030517578,181.9250030517578,181.9250030517578,187.2375030517578,4472520.0,141.1275634765625
2005-10-04,187.75,185.41250610351562,187.47500610351562,186.22000122070312,6350472.0,140.3606414794922
2005-10-05,186.125,183.125,185.5,183.75,6577720.0,138.49891662597656
2005-10-06,183.13250732421875,177.14500427246094,183.13250732421875,178.08250427246094,8233792.0,134.2271270751953
2005-10-07,181.75,176.89999389648438,178.125,180.60000610351562,6206624.0,136.12464904785156
2005-10-10,184.375,180.41250610351562,181.22500610351562,181.0625,5371728.0,136.4733123779297
2005-10-11,184.35000610351562,177.75,182.5,183.47000122070312,11565120.0,138.2878875732422
2005-10-13,185.625,178.7949981689453,183.75,180.16250610351562,13605792.0,135.79490661621094
2005-10-14,181.5,176.875,181.25,178.00750732421875,5226192.0,134.1706085205078
2005-10-17,180.25,177.9875030517578,178.75,179.27000427246094,4388816.0,135.12216186523438
2005-10-18,183.10000610351562,178.8874969482422,180.25,180.1199951171875,10941600.0,136.04745483398438
2005-10-19,182.5,171.52000427246094,182.4949951171875,175.1999969482422,10058832.0,132.3313446044922
2005-10-20,179.375,173.88250732421875,176.8874969482422,177.0449981689453,6352952.0,133.72483825683594
2005-10-21,179.60000610351562,176.125,178.625,178.53250122070312,5923416.0,134.84837341308594
2005-10-24,180.5,175.13250732421875,179.02499389648438,175.9375,3149632.0,132.88839721679688
2005-10-25,181.375,176.0625,177.2949981689453,180.0,5420312.0,135.95681762695312
2005-10-26,180.625,177.3874969482422,180.0,177.78250122070312,4142808.0,134.2819061279297
2005-10-27,178.6125030517578,173.75,177.875,175.16250610351562,6771944.0,132.30296325683594
2005-10-28,176.125,169.375,176.125,170.27000427246094,4501496.0,128.6076202392578
2005-10-31,176.0,170.0449981689453,170.625,175.15750122070312,2851968.0,132.29917907714844
2005-11-02,179.5,173.5500030517578,175.16250610351562,178.625,2852888.0,134.9182586669922
2005-11-04,178.625,178.625,178.625,178.625,0.0,134.9182586669922
2005-11-07,183.46249389648438,176.0,176.0,183.09500122070312,4188480.0,138.29457092285156
2005-11-08,185.53250122070312,183.8000030517578,184.25,184.625,5782184.0,139.45013427734375
2005-11-09,185.38250732421875,181.28250122070312,184.625,182.10000610351562,5000792.0,137.5430145263672
2005-11-10,184.6125030517578,182.125,182.125,183.72000122070312,3095696.0,138.76661682128906
2005-11-11,186.0,183.125,183.125,185.33250427246094,5919888.0,139.9845428466797
2005-11-14,189.33250427246094,186.25,186.25,188.78750610351562,8040360.0,142.59422302246094
2005-11-16,189.625,187.78250122070312,188.90750122070312,188.96249389648438,6742576.0,142.72633361816406
2005-11-17,189.75,186.5574951171875,187.5,188.45750427246094,4878464.0,142.34494018554688
2005-11-18,191.375,189.0,189.0,190.8699951171875,8707720.0,144.16712951660156
2005-11-21,192.33749389648438,188.25,191.1750030517578,189.83250427246094,6597336.0,143.38348388671875
2005-11-22,190.60000610351562,186.0,189.25,187.4824981689453,4751000.0,141.60850524902344
2005-11-23,190.25,187.375,187.5,189.58250427246094,6054776.0,143.1946563720703
2005-11-24,191.64999389648438,189.5,189.5,190.53250122070312,4544088.0,143.91212463378906
2005-11-25,192.5,188.7949981689453,190.53250122070312,191.71249389648438,3344264.0,144.80340576171875
2005-11-28,193.75,192.0,192.35000610351562,193.45750427246094,2535248.0,146.12147521972656
2005-11-29,193.75,190.07000732421875,193.10000610351562,193.1699981689453,3303424.0,145.9043426513672
2005-11-30,194.0625,189.375,191.5,190.1374969482422,4023376.0,143.6138153076172
2005-12-01,194.33250427246094,189.84500122070312,190.0,193.7624969482422,4161968.0,146.35186767578125
2005-12-02,196.8000030517578,192.63250732421875,194.33250427246094,193.75,4784360.0,146.34242248535156
2005-12-05,194.2624969482422,190.78250122070312,194.0,191.4199981689453,1913080.0,144.5825653076172
2005-12-06,196.25,190.78750610351562,191.875,194.25,3233064.0,146.72007751464844
2005-12-07,200.0,195.03750610351562,195.25,199.44500732421875,5618952.0,150.64389038085938
2005-12-08,203.08749389648438,199.03250122070312,199.375,202.07000732421875,9585192.0,152.62657165527344
2005-12-09,211.8249969482422,201.41250610351562,202.25,210.33749389648438,6194224.0,158.87123107910156
2005-12-12,213.125,205.25,206.2949981689453,206.27499389648438,6191488.0,155.80274963378906
2005-12-13,209.75,205.625,206.5,208.4499969482422,6027072.0,157.44552612304688
2005-12-14,212.5,205.0,207.5,210.4875030517578,4819208.0,158.9844970703125
2005-12-15,212.3125,208.5500030517578,211.2375030517578,210.35000610351562,4249016.0,158.88067626953125
2005-12-16,215.75,210.375,211.25,214.3000030517578,7907432.0,161.8641815185547
2005-12-19,219.125,214.625,215.75,216.82000732421875,4701168.0,163.76754760742188
2005-12-20,218.75,210.875,218.75,211.6875,4628568.0,159.89088439941406
2005-12-21,214.3249969482422,208.875,213.125,210.7624969482422,3282432.0,159.19215393066406
2005-12-22,212.46249389648438,209.8699951171875,211.25,210.58749389648438,2519208.0,159.0600128173828
2005-12-23,213.125,208.125,210.875,208.97000122070312,2455032.0,157.83828735351562
2005-12-26,209.25,207.03250122070312,209.25,207.8625030517578,1625280.0,157.00180053710938
2005-12-27,212.875,205.375,207.84500122070312,212.27000427246094,1565208.0,160.3308868408203
2005-12-28,213.75,209.58250427246094,211.875,210.70750427246094,2582056.0,159.1507110595703
2005-12-29,214.9875030517578,210.20750427246094,211.25,213.75750732421875,3461784.0,161.45437622070312
2005-12-30,214.9875030517578,210.0,210.0,212.8574981689453,2380248.0,160.77462768554688
2006-01-02,213.8625030517578,210.1699981689453,213.5,210.9499969482422,1653504.0,159.33384704589844
2006-01-03,217.4949951171875,210.25,210.65750122070312,216.64999389648438,3396936.0,163.63912963867188
2006-01-04,218.7375030517578,215.27499389648438,217.5,217.8874969482422,3545616.0,164.5737762451172
2006-01-05,218.25,215.2375030517578,218.125,216.5449981689453,1431824.0,163.5598602294922
2006-01-06,217.4875030517578,211.5,216.875,213.1999969482422,2965744.0,161.03330993652344
2006-01-09,216.25,210.125,213.77000427246094,211.1199951171875,3883272.0,159.4622344970703
2006-01-10,212.47500610351562,207.625,211.25,209.0625,3972648.0,157.908203125
2006-01-12,211.125,201.875,206.625,209.21249389648438,13919696.0,158.0215301513672
2006-01-13,211.25,205.5,210.0,206.47000122070312,3608568.0,155.95004272460938
2006-01-16,206.375,200.32000732421875,206.375,201.09500122070312,4804912.0,151.89019775390625
2006-01-17,205.0,201.25,201.375,202.9250030517578,3753056.0,153.2724609375
2006-01-18,202.97500610351562,200.2624969482422,202.27499389648438,202.44500732421875,3165120.0,153.19300842285156
2006-01-19,206.83749389648438,202.97500610351562,202.97500610351562,206.2949981689453,3574728.0,156.1062774658203
2006-01-20,208.7324981689453,204.375,206.875,205.5,3294240.0,155.50473022460938
2006-01-23,204.375,201.41250610351562,204.375,202.77000427246094,2280272.0,153.4389190673828
2006-01-24,206.125,203.8000030517578,204.375,205.3249969482422,1890064.0,155.37228393554688
2006-01-25,207.4949951171875,205.4375,206.125,206.39999389648438,6365736.0,156.18582153320312
2006-01-27,210.0,206.3249969482422,210.0,207.39500427246094,3003816.0,156.9386749267578
2006-01-30,209.9499969482422,206.5124969482422,208.1750030517578,207.3625030517578,1383144.0,156.9141082763672
2006-01-31,209.9499969482422,206.5449981689453,209.9499969482422,208.8000030517578,1503160.0,158.00193786621094
2006-02-01,209.75,206.3000030517578,207.0,208.33250427246094,3896696.0,157.6481170654297
2006-02-02,209.5,203.70750427246094,208.75,204.60000610351562,3135736.0,154.82371520996094
2006-02-03,205.97500610351562,201.5500030517578,204.9875030517578,203.85000610351562,4357520.0,154.25613403320312
2006-02-06,210.375,203.2949981689453,203.7375030517578,209.88250732421875,2894976.0,158.82102966308594
2006-02-07,211.6875,205.53250122070312,210.0,209.2624969482422,7002784.0,158.35183715820312
2006-02-08,209.0124969482422,206.5449981689453,208.25,207.8125,3332648.0,157.25462341308594
2006-02-10,209.75,205.63250732421875,208.77000427246094,208.6999969482422,2728200.0,157.92626953125
2006-02-13,208.75,206.0,208.6999969482422,206.375,2020544.0,156.1668701171875
2006-02-14,208.75,201.75,208.75,202.32000732421875,6962064.0,153.09832763671875
2006-02-15,205.9875030517578,200.625,205.9875030517578,202.4199981689453,4209320.0,153.17404174804688
2006-02-16,204.97500610351562,201.5,203.125,203.64500427246094,5284488.0,154.1010284423828
2006-02-17,207.0500030517578,202.5,206.25,203.125,2923448.0,153.70753479003906
2006-02-20,206.875,203.4250030517578,204.875,206.2324981689453,2643608.0,156.0590362548828
2006-02-21,208.875,206.3874969482422,206.875,208.25,2301240.0,157.58566284179688
2006-02-22,208.75,206.41250610351562,208.75,207.7324981689453,1156592.0,157.19412231445312
2006-02-23,211.2375030517578,207.5,207.5,208.82000732421875,4141584.0,158.0170440673828
2006-02-24,210.0,207.03750610351562,208.78250122070312,208.75750732421875,1097336.0,157.9697265625
2006-02-27,211.875,208.3000030517578,208.375,211.2949981689453,2521112.0,159.88990783691406
2006-02-28,213.0,208.75,211.875,212.60000610351562,2821744.0,160.87742614746094
2006-03-01,218.1750030517578,210.90750122070312,212.5,217.52499389648438,4506152.0,164.6042022705078
2006-03-02,219.25,215.0449981689453,218.1750030517578,217.72500610351562,3277696.0,164.75552368164062
2006-03-03,217.75,212.1699981689453,217.75,213.22000122070312,2124440.0,161.34658813476562
2006-03-06,219.125,213.75,214.5,218.03750610351562,3631584.0,164.9919891357422
2006-03-07,218.75,215.0,217.52000427246094,215.58749389648438,1985168.0,163.1380615234375
2006-03-08,217.5,213.125,216.5,215.32000732421875,3813488.0,162.93563842773438
2006-03-09,216.0,211.25,215.0,215.6074981689453,4662712.0,163.1531982421875
2006-03-10,221.875,211.25,211.5,220.45750427246094,6434944.0,166.82333374023438
2006-03-13,230.9499969482422,221.72500610351562,221.72500610351562,228.5749969482422,7178552.0,172.9658966064453
2006-03-14,228.46249389648438,223.8874969482422,228.1125030517578,225.39500427246094,3477456.0,170.55960083007812
2006-03-16,229.9875030517578,225.78750610351562,227.125,229.4250030517578,4600064.0,173.60911560058594
2006-03-17,235.0625,230.0,230.0,232.625,5932240.0,176.03062438964844
2006-03-20,239.375,233.1875,234.25,238.5,7012872.0,180.4762725830078
2006-03-21,241.875,237.33250427246094,238.5,239.39999389648438,5301384.0,181.15733337402344
2006-03-22,240.0,235.14999389648438,240.0,236.6699981689453,5121168.0,179.09149169921875
2006-03-23,239.875,233.53250122070312,237.5,234.27499389648438,2644488.0,177.2792205810547
2006-03-24,238.125,233.63250732421875,235.875,236.4324951171875,2917384.0,178.9117889404297
2006-03-27,238.75,235.69500732421875,236.875,236.3699951171875,2928432.0,178.86447143554688
2006-03-28,238.875,235.125,237.5,235.9499969482422,3751272.0,178.54664611816406
2006-03-29,237.8625030517578,233.375,234.875,237.27000427246094,4284296.0,179.54554748535156
2006-03-30,251.25,237.8625030517578,237.8625030517578,246.0124969482422,5784168.0,186.16107177734375
2006-03-31,244.7375030517578,238.75,244.7375030517578,239.4375,2920168.0,181.18569946289062
2006-04-03,244.5,240.0,240.875,243.84500122070312,3105672.0,184.52090454101562
2006-04-04,245.0,242.50750732421875,243.8000030517578,243.57000732421875,2971608.0,184.31288146972656
2006-04-05,245.64500427246094,240.0,243.7624969482422,241.50750732421875,2776928.0,182.7521514892578
2006-04-07,249.625,234.375,243.5,236.15750122070312,7385560.0,178.7036895751953
2006-04-10,239.9949951171875,235.0,237.5,236.7624969482422,7034440.0,179.16148376464844
2006-04-12,237.5,220.375,237.27499389648438,222.60000610351562,13157376.0,168.44451904296875
2006-04-13,228.71249389648438,221.25,225.625,224.64500427246094,8601672.0,169.99197387695312
2006-04-17,238.875,226.90750122070312,228.125,238.32000732421875,9688752.0,180.340087890625
2006-04-18,261.0,247.25,247.25,251.1875,14778488.0,190.0771484375
2006-04-19,256.25,249.75,253.625,251.59500122070312,9803312.0,190.3854522705078
2006-04-20,253.1199951171875,246.875,252.4875030517578,248.7375030517578,6296944.0,188.22317504882812
2006-04-21,253.7449951171875,245.625,250.0,249.88250732421875,4973000.0,189.08958435058594
2006-04-24,249.95750427246094,245.625,249.75,247.40750122070312,5234808.0,187.2167510986328
2006-04-25,247.4875030517578,237.375,247.4875030517578,240.8699951171875,5702208.0,182.2696990966797
2006-04-26,244.5,238.75,241.0,242.7949981689453,7071136.0,183.72637939453125
2006-04-27,250.375,241.25,242.7949981689453,243.2324981689453,7164848.0,184.05740356445312
2006-04-28,248.875,228.7949981689453,238.375,247.25750732421875,5292360.0,187.1032257080078
2006-05-02,253.0500030517578,247.5,248.0,251.64500427246094,6239280.0,190.42330932617188
2006-05-03,254.9875030517578,251.88250732421875,253.0,253.94500732421875,3148160.0,192.1637420654297
2006-05-04,257.23748779296875,252.66250610351562,253.5,255.46249389648438,3929824.0,193.31201171875
2006-05-05,256.875,249.375,256.875,250.83250427246094,2710520.0,189.80850219726562
2006-05-08,261.5,251.25,252.625,252.4324951171875,1484712.0,191.0192413330078
2006-05-09,255.5500030517578,250.625,254.0,253.1074981689453,1800392.0,191.52993774414062
2006-05-10,255.875,250.28750610351562,255.5500030517578,252.71249389648438,1978192.0,191.2311248779297
2006-05-11,253.66250610351562,250.6750030517578,253.66250610351562,252.33749389648438,1964024.0,190.94732666015625
2006-05-12,253.1074981689453,246.28750610351562,251.375,249.52000427246094,2777136.0,188.8152618408203
2006-05-15,250.125,240.0,247.5,245.1125030517578,4034504.0,185.48004150390625
2006-05-16,249.375,239.97500610351562,244.9949951171875,246.83749389648438,2671568.0,186.78538513183594
2006-05-17,252.5,248.75,249.375,252.07000732421875,1343368.0,190.74496459960938
2006-05-18,249.9875030517578,237.5,248.75,240.70750427246094,4542360.0,182.14671325683594
2006-05-19,244.97500610351562,231.4375,243.75,236.5449981689453,4868216.0,178.9969482421875
2006-05-22,240.0,218.0,240.0,222.5625,4699416.0,168.41616821289062
2006-05-23,234.25,212.625,225.0,228.77499389648438,5388136.0,173.11727905273438
2006-05-24,235.0,220.0,233.75,223.83250427246094,5705568.0,169.37716674804688
2006-05-25,237.3000030517578,218.125,222.5,234.6199951171875,5839048.0,177.5402374267578
2006-05-26,237.5,230.125,236.25,233.2949981689453,2208184.0,176.53761291503906
2006-05-29,233.125,230.03750610351562,233.125,231.32000732421875,2802688.0,175.0430450439453
2006-05-30,236.8874969482422,229.375,233.125,232.5449981689453,4516056.0,175.9700469970703
2006-05-31,230.1374969482422,216.25,230.1374969482422,222.8625030517578,5769856.0,168.64320373535156
2006-06-01,228.125,211.25,228.125,213.6699981689453,5942760.0,161.68711853027344
2006-06-02,225.0,211.0,214.3625030517578,224.25,4213560.0,169.69309997558594
2006-06-05,225.5500030517578,219.28250122070312,224.25,220.9499969482422,3211680.0,167.19595336914062
2006-06-06,223.47500610351562,211.25,218.10000610351562,218.6125030517578,2971136.0,165.4271240234375
2006-06-07,225.0,211.65750122070312,225.0,212.9949951171875,5410536.0,161.1763153076172
2006-06-08,215.625,201.39999389648438,215.625,205.9875030517578,5360992.0,155.87364196777344
2006-06-09,211.5,203.125,209.3074951171875,208.89500427246094,4061912.0,158.0738067626953
2006-06-12,212.375,202.625,212.375,204.84500122070312,3591904.0,155.00912475585938
2006-06-13,203.6750030517578,195.125,202.625,196.2949981689453,2736984.0,148.5391845703125
2006-06-14,203.1199951171875,181.40750122070312,195.2449951171875,185.45750427246094,12786016.0,140.33831787109375
2006-06-15,198.25,187.625,198.25,193.82000732421875,5967360.0,146.66627502441406
2006-06-16,214.375,197.5500030517578,198.25,210.625,8390168.0,159.84677124023438
2006-06-19,210.625,204.53250122070312,210.0,208.5449981689453,4294088.0,158.26828002929688
2006-06-20,211.0,200.0,211.0,200.9199981689453,3687920.0,152.4815216064453
2006-06-21,205.875,199.375,202.5,205.16250610351562,5963496.0,155.70120239257812
2006-06-22,211.25,206.25,206.25,209.59500122070312,3668104.0,159.0651092529297
2006-06-23,212.5,203.125,206.25,211.8574981689453,3304720.0,160.78216552734375
2006-06-26,215.0,202.25750732421875,215.0,204.1875,6575056.0,154.9612579345703
2006-06-27,207.25,200.0,207.25,205.57000732421875,5002632.0,156.01048278808594
2006-06-28,214.07000732421875,200.75,202.5,212.3249969482422,4785400.0,161.13693237304688
2006-06-29,215.0,208.75,213.75,210.10000610351562,6318576.0,159.4483642578125
2006-06-30,220.875,213.20750427246094,216.875,217.34500122070312,5449760.0,164.94671630859375
2006-07-03,225.9375,216.5500030517578,217.75,225.02499389648438,4285520.0,170.7751922607422
2006-07-04,228.875,225.625,226.375,226.8874969482422,3584768.0,172.1886444091797
2006-07-05,232.75,225.0,227.125,230.3249969482422,4245072.0,174.79737854003906
2006-07-06,229.0,224.02000427246094,228.5,225.53750610351562,2310920.0,171.1641387939453
2006-07-07,228.97500610351562,217.5,227.46249389648438,218.33749389648438,2928672.0,165.69996643066406
2006-07-10,227.1999969482422,217.5,217.5,224.7949981689453,3859312.0,170.60064697265625
2006-07-11,226.875,220.39500427246094,225.0,221.2449951171875,3618984.0,167.90650939941406
2006-07-12,238.625,222.5,222.5,236.28750610351562,9521616.0,179.322509765625
2006-07-13,237.34500122070312,231.28250122070312,236.5,233.4199981689453,5383576.0,177.1462860107422
2006-07-14,237.0,228.1374969482422,230.0,234.28750610351562,4949808.0,177.80465698242188
2006-07-17,239.25,231.375,235.60000610351562,232.375,8996832.0,176.3532257080078
2006-07-18,243.75,226.9375,232.5,229.3125,11043936.0,174.02908325195312
2006-07-19,236.875,218.19500732421875,235.25,219.69500732421875,14046384.0,166.7301788330078
2006-07-20,227.5,221.25,221.9875030517578,225.77000427246094,6312720.0,171.340576171875
2006-07-21,225.60000610351562,219.0749969482422,224.75,220.94500732421875,4391664.0,167.67877197265625
2006-07-24,229.0,216.875,224.375,227.25750732421875,6825088.0,172.4695281982422
2006-07-25,231.875,228.13250732421875,230.0,230.91250610351562,4636600.0,175.24334716796875
2006-07-26,236.875,229.0625,232.25,236.10000610351562,5908720.0,179.18019104003906
2006-07-27,239.9949951171875,234.4375,236.875,237.46249389648438,7399848.0,180.2142333984375
2006-07-28,243.7375030517578,231.0,235.02499389648438,232.1125030517578,3019608.0,176.43263244628906
2006-07-31,241.25,232.5,233.75,234.03750610351562,1724700.0,177.8959197998047
2006-08-01,234.9375,215.75,215.75,233.0,1762508.0,177.10723876953125
2006-08-02,235.625,230.0,231.25,235.0500030517578,1784732.0,178.6654510498047
2006-08-03,238.0,234.27499389648438,235.625,236.1750030517578,3010272.0,179.52059936523438
2006-08-04,240.9499969482422,235.75,240.0,237.1374969482422,2674200.0,180.252197265625
2006-08-07,238.0,232.75,237.75,234.02499389648438,1719964.0,177.88636779785156
2006-08-08,239.5,233.75,235.0,238.6999969482422,1178400.0,181.4398956298828
2006-08-09,243.75,235.875,237.5,241.52499389648438,2052120.0,183.58724975585938
2006-08-10,243.75,240.0,240.25,241.4375,2279124.0,183.5207061767578
2006-08-11,243.46249389648438,239.25,242.47500610351562,241.89999389648438,1893972.0,183.87234497070312
2006-08-14,243.75,239.75,243.4375,241.16250610351562,1721428.0,183.3117218017578
2006-08-16,246.125,242.0,244.75,243.0500030517578,3804268.0,184.74642944335938
2006-08-17,245.75,239.5,243.75,240.03750610351562,2497168.0,182.45652770996094
2006-08-18,243.125,240.0,241.25,242.4250030517578,1803640.0,184.2713623046875
2006-08-21,244.0,239.25,244.0,242.3249969482422,2414088.0,184.1953125
2006-08-22,245.75,242.5,243.0,243.85000610351562,2178096.0,185.3544921875
2006-08-23,244.6875,240.02499389648438,244.0,240.77499389648438,2497736.0,183.01715087890625
2006-08-24,243.72500610351562,238.3125,242.5,242.60000610351562,2369852.0,184.40438842773438
2006-08-25,244.22500610351562,241.91250610351562,242.75,243.60000610351562,2611752.0,185.16448974609375
2006-08-28,246.3249969482422,242.0749969482422,243.75,245.27499389648438,2300316.0,186.43765258789062
2006-08-29,248.0,245.75,246.25,247.52499389648438,2679596.0,188.14796447753906
2006-08-30,248.75,245.2624969482422,247.77499389648438,245.9499969482422,2744772.0,186.95074462890625
2006-08-31,251.0,246.0,246.0,249.5124969482422,6076856.0,189.65870666503906
2006-09-01,250.25,247.77499389648438,249.0,249.8125,1728728.0,189.88668823242188
2006-09-04,255.0,249.75,249.75,254.28750610351562,2010492.0,193.2882537841797
2006-09-05,257.5,250.25,255.75,251.4499969482422,3945288.0,191.13136291503906
2006-09-06,254.375,247.77499389648438,254.375,248.39999389648438,2800432.0,188.81307983398438
2006-09-07,248.75,245.0749969482422,245.0749969482422,246.6750030517578,1583584.0,187.50184631347656
2006-09-08,251.5,246.25,251.5,247.75,1570564.0,188.3189697265625
2006-09-11,249.75,237.25,249.75,238.3625030517578,4073480.0,181.1833953857422
2006-09-12,245.0,238.0,238.75,244.47500610351562,1835256.0,185.82960510253906
2006-09-13,252.0,245.25,245.75,249.9875030517578,2307632.0,190.0197296142578
2006-09-14,254.0,250.47500610351562,252.25,253.35000610351562,2388728.0,192.57565307617188
2006-09-15,253.5,249.1750030517578,253.5,250.6750030517578,2359700.0,190.5423583984375
2006-09-18,252.75,248.02499389648438,251.75,249.03750610351562,1390388.0,189.29763793945312
2006-09-19,255.0,247.60000610351562,249.25,252.5124969482422,3973944.0,191.93899536132812
2006-09-20,258.5,248.52499389648438,252.75,257.51251220703125,2695896.0,195.73960876464844
2006-09-21,264.4750061035156,254.5,258.0,263.25,5107184.0,200.1007843017578
2006-09-22,263.4624938964844,257.5249938964844,261.25,259.88751220703125,2488644.0,197.54490661621094
2006-09-25,262.5,255.5625,261.75,256.3999938964844,1349580.0,194.8939666748047
2006-09-26,262.5,256.2250061035156,257.5,261.07501220703125,3717008.0,198.44754028320312
2006-09-27,263.75,259.0375061035156,262.5,260.6625061035156,3352740.0,198.1339874267578
2006-09-28,262.25,253.25,261.26251220703125,255.1125030517578,6121572.0,193.915283203125
2006-09-29,258.7749938964844,255.0,255.52499389648438,255.5124969482422,1752804.0,194.21942138671875
2006-10-03,258.75,252.25,258.75,253.5749969482422,1632712.0,192.74664306640625
2006-10-04,254.0,245.83749389648438,254.0,246.85000610351562,6947628.0,187.6348419189453
2006-10-05,252.25,248.25,249.5,249.9375,5849400.0,189.98171997070312
2006-10-06,251.75,247.0,250.25,248.5500030517578,2766944.0,188.9270782470703
2006-10-09,252.25,245.1374969482422,246.25,250.53750610351562,1546832.0,190.43783569335938
2006-10-10,254.4499969482422,250.75,250.75,252.875,2769780.0,192.214599609375
2006-10-11,269.8500061035156,257.5,257.5,261.1875,6773716.0,198.53305053710938
2006-10-12,271.25,260.25,262.5,270.63751220703125,5052848.0,205.71615600585938
2006-10-13,280.0,270.5249938964844,272.3500061035156,275.8999938964844,4874112.0,209.71624755859375
2006-10-16,287.5,278.75,281.25,282.42498779296875,9727060.0,214.6761016845703
2006-10-17,292.4375,277.5,285.5,279.2250061035156,8749216.0,212.24362182617188
2006-10-18,279.25,275.25,277.5249938964844,276.5625,4995084.0,210.21986389160156
2006-10-19,278.1875,270.6625061035156,276.5,273.1000061035156,3103620.0,207.58790588378906
2006-10-20,275.5,271.5249938964844,275.0,272.3999938964844,2129404.0,207.05584716796875
2006-10-23,273.7250061035156,265.3500061035156,273.7250061035156,270.0249938964844,1327904.0,205.81723022460938
2006-10-26,272.9750061035156,268.75,270.25,269.8125,5140212.0,205.6553192138672
2006-10-27,272.5,265.6000061035156,270.2875061035156,268.6625061035156,3126408.0,204.7787322998047
2006-10-30,272.0,265.04998779296875,269.0,269.8374938964844,4154172.0,205.67434692382812
2006-10-31,274.70001220703125,268.7749938964844,270.0,271.7749938964844,3430936.0,207.151123046875
2006-11-01,276.4750061035156,270.07501220703125,274.25,270.79998779296875,1910904.0,206.407958984375
2006-11-02,272.5,268.0,272.5,270.01251220703125,2204376.0,205.80772399902344
2006-11-03,272.0,264.5,271.25,266.73748779296875,3144440.0,203.31143188476562
2006-11-06,267.4750061035156,264.0,266.625,264.8500061035156,2536892.0,201.8727569580078
2006-11-07,271.2250061035156,265.04998779296875,268.5,266.2875061035156,3219180.0,202.968505859375
2006-11-08,267.7250061035156,262.7875061035156,266.25,265.82501220703125,2436760.0,202.61599731445312
2006-11-09,268.75,263.3374938964844,267.25,265.8999938964844,3365420.0,202.67308044433594
2006-11-10,273.67498779296875,266.2749938964844,267.5,267.17498779296875,3313476.0,203.6449432373047
2006-11-13,270.0,266.5249938964844,267.70001220703125,268.9375,2023316.0,204.98834228515625
2006-11-14,277.5,270.25,270.25,276.5625,6003860.0,210.8002471923828
2006-11-15,280.5,272.63751220703125,278.75,274.20001220703125,2698040.0,208.99945068359375
2006-11-16,276.5,270.875,275.0,271.8374938964844,2101688.0,207.19876098632812
2006-11-17,274.375,270.29998779296875,273.5,273.7875061035156,2221684.0,208.6851348876953
2006-11-20,280.25,266.38751220703125,271.26251220703125,279.4624938964844,5174936.0,213.01063537597656
2006-11-21,288.0,278.5,279.04998779296875,287.13751220703125,4158152.0,218.8606719970703
2006-11-22,292.75,283.8374938964844,288.5,287.0249938964844,5591464.0,218.77496337890625
2006-11-23,292.3500061035156,285.0,289.0,286.0375061035156,3870324.0,218.02223205566406
2006-11-24,289.2250061035156,284.0375061035156,287.5,287.5,3205304.0,219.13697814941406
2006-11-27,291.0,287.5,287.5,290.20001220703125,2933708.0,221.19491577148438
2006-11-28,289.0,277.7875061035156,287.5,287.4624938964844,2682960.0,219.10842895507812
2006-11-29,292.20001220703125,287.5,290.0,291.13751220703125,2603156.0,221.90960693359375
2006-11-30,301.25,291.5,293.20001220703125,299.70001220703125,6254552.0,228.4359588623047
2006-12-01,300.0,295.3125,300.0,297.3374938964844,3762140.0,226.6352996826172
2006-12-04,302.75,297.5,300.0,298.1000061035156,2234092.0,227.21649169921875
2006-12-05,302.42498779296875,296.25,302.42498779296875,297.9750061035156,2116476.0,227.1212158203125
2006-12-06,301.75,293.04998779296875,293.04998779296875,299.6499938964844,3180856.0,228.39788818359375
2006-12-07,308.61248779296875,296.7749938964844,301.25,298.57501220703125,2872872.0,227.57859802246094
2006-12-08,299.75,293.3374938964844,299.75,294.2250061035156,1887268.0,224.26284790039062
2006-12-11,297.25,283.5,293.75,293.36248779296875,4279432.0,223.60548400878906
2006-12-12,295.0,276.25,292.5,280.125,5118300.0,213.515625
2006-12-13,285.25,270.0874938964844,280.125,280.2124938964844,3617220.0,213.5823211669922
2006-12-14,290.0,276.26251220703125,276.26251220703125,287.3999938964844,2916024.0,219.060791015625
2006-12-15,292.1000061035156,287.0,292.1000061035156,290.04998779296875,2305716.0,221.08070373535156
2006-12-18,297.1000061035156,281.0,288.75,295.3125,2351424.0,225.09176635742188
2006-12-19,295.95001220703125,281.25,295.25,285.4624938964844,3623628.0,217.58392333984375
2006-12-20,291.9624938964844,278.76251220703125,287.5,282.1875,3755660.0,215.087646484375
2006-12-21,287.5,277.75,284.25,284.23748779296875,2255816.0,216.65020751953125
2006-12-22,290.0,282.0249938964844,283.75,288.48748779296875,1750016.0,219.8896942138672
2006-12-26,298.6000061035156,288.25,288.25,297.8500061035156,1797392.0,227.02590942382812
2006-12-27,301.5,295.26251220703125,298.75,299.0,2394400.0,227.90245056152344
2006-12-28,305.0,297.0,301.3500061035156,302.9750061035156,2418308.0,230.9322967529297
2006-12-29,307.3500061035156,300.625,303.36248779296875,305.5,1874468.0,232.85690307617188
2007-01-02,314.5,304.0,307.3500061035156,312.125,1545060.0,237.906494140625
2007-01-03,322.0,309.7875061035156,313.25,320.0375061035156,4384972.0,243.9375762939453
2007-01-04,321.25,312.5249938964844,321.25,314.76251220703125,3970700.0,239.9169158935547
2007-01-05,317.1499938964844,313.2749938964844,316.25,315.75,2718740.0,240.66949462890625
2007-01-08,314.75,303.75,314.75,310.95001220703125,4951892.0,237.010986328125
2007-01-09,315.4624938964844,306.3125,311.9750061035156,314.1000061035156,4020568.0,239.41195678710938
2007-01-10,313.75,307.5,311.13751220703125,308.8500061035156,2931428.0,235.4103240966797
2007-01-11,324.5,299.7250061035156,299.7250061035156,319.4125061035156,7400664.0,243.46116638183594
2007-01-12,332.25,322.5375061035156,322.5375061035156,330.98748779296875,6175748.0,252.28375244140625
2007-01-15,342.0,325.01251220703125,337.5,331.5874938964844,12255832.0,252.74114990234375
2007-01-16,347.23748779296875,329.75,347.23748779296875,331.0249938964844,7625964.0,252.31240844726562
2007-01-17,333.75,325.0,332.4750061035156,326.1625061035156,2633828.0,248.6060791015625
2007-01-18,331.48748779296875,326.25,326.25,328.86248779296875,2719816.0,250.66403198242188
2007-01-19,331.625,323.0375061035156,328.86248779296875,324.5375061035156,2882056.0,247.36753845214844
2007-01-22,330.6000061035156,322.51251220703125,325.0249938964844,328.36248779296875,3180956.0,250.86276245117188
2007-01-23,328.48748779296875,325.0,328.2749938964844,325.67498779296875,3124152.0,248.80941772460938
2007-01-24,328.5,324.5375061035156,327.875,326.7875061035156,2355148.0,249.65951538085938
2007-01-25,342.25,325.7250061035156,331.25,328.86248779296875,5553976.0,251.2447052001953
2007-01-29,328.75,322.75,328.75,324.4375,2982324.0,247.8640899658203
2007-01-31,328.4750061035156,318.0,324.2749938964844,319.4750061035156,4865928.0,244.07296752929688
2007-02-01,323.75,318.75,322.48748779296875,323.01251220703125,1859904.0,246.7754669189453
2007-02-02,326.75,323.76251220703125,324.75,325.125,4274616.0,248.389404296875
2007-02-05,328.4750061035156,323.5,326.25,326.45001220703125,3010736.0,249.40164184570312
2007-02-06,328.4750061035156,322.51251220703125,328.25,324.6000061035156,3411964.0,247.98814392089844
2007-02-07,328.1000061035156,323.79998779296875,325.0,326.57501220703125,2599984.0,249.49708557128906
2007-02-08,328.7250061035156,324.3374938964844,327.8500061035156,326.125,2650024.0,249.1533660888672
2007-02-09,329.36248779296875,320.7875061035156,327.3500061035156,321.8500061035156,1993360.0,245.88739013671875
2007-02-12,324.67498779296875,312.5,312.5,313.95001220703125,1786388.0,239.85183715820312
2007-02-13,321.2250061035156,308.75,314.0,313.2250061035156,4130352.0,239.29794311523438
2007-02-14,316.75,310.0,313.25,315.1875,3137876.0,240.79730224609375
2007-02-15,325.0,306.2749938964844,316.25,323.0625,3673556.0,246.813720703125
2007-02-19,329.67498779296875,323.79998779296875,325.3500061035156,327.45001220703125,4738696.0,250.16574096679688
2007-02-20,330.95001220703125,323.75,328.4750061035156,324.88751220703125,5400148.0,248.20777893066406
2007-02-21,327.9375,320.0,325.0,320.9624938964844,3938188.0,245.20921325683594
2007-02-22,328.1000061035156,321.5,325.0,323.57501220703125,6939112.0,247.20518493652344
2007-02-23,324.875,318.25,323.75,319.3374938964844,3167688.0,243.96778869628906
2007-02-26,323.4624938964844,308.125,318.0,321.5249938964844,4677684.0,245.63906860351562
2007-02-27,323.54998779296875,313.5,313.5,316.0375061035156,4709968.0,241.4466094970703
2007-02-28,311.23748779296875,293.0,308.25,298.3500061035156,9347956.0,227.93377685546875
2007-03-01,317.0,297.6000061035156,300.0,313.6625061035156,7858564.0,239.63218688964844
2007-03-02,315.0,300.25,313.70001220703125,302.13751220703125,5311752.0,230.82730102539062
2007-03-05,299.75,287.5,297.5,288.88751220703125,5120880.0,220.70458984375
2007-03-06,333.75,290.2749938964844,302.5,299.3125,3623920.0,228.66908264160156
2007-03-07,306.17498779296875,289.3500061035156,300.5,297.95001220703125,4440632.0,227.628173828125
2007-03-08,307.42498779296875,297.5,297.5,304.6000061035156,2274988.0,232.708740234375
2007-03-09,308.25,299.5,307.07501220703125,303.0375061035156,3232148.0,231.51498413085938
2007-03-12,313.42498779296875,302.75,306.17498779296875,308.75,3636936.0,235.8791961669922
2007-03-13,317.2250061035156,300.0249938964844,306.375,316.3500061035156,2032088.0,241.68539428710938
2007-03-14,310.4750061035156,301.25,306.25,303.38751220703125,3824948.0,231.7824249267578
2007-03-15,312.75,307.0,307.5,308.57501220703125,3823288.0,235.74546813964844
2007-03-16,314.4624938964844,303.7875061035156,310.3500061035156,309.4125061035156,4224284.0,236.38522338867188
2007-03-19,316.1875,300.45001220703125,304.07501220703125,315.2250061035156,1213696.0,240.82598876953125
2007-03-20,319.125,312.0,315.0,313.25,2775592.0,239.31704711914062
2007-03-21,317.3500061035156,310.0,315.25,316.75,1970036.0,241.99102783203125
2007-03-22,326.75,319.25,319.25,325.76251220703125,4125592.0,248.8764190673828
2007-03-23,330.0,320.0,328.0,322.04998779296875,5265296.0,246.0402069091797
2007-03-26,324.67498779296875,313.8125,321.25,315.3374938964844,6098736.0,240.9118194580078
2007-03-28,317.4750061035156,298.51251220703125,317.4750061035156,300.25,8818048.0,229.38525390625
2007-03-29,314.20001220703125,297.23748779296875,297.23748779296875,312.0874938964844,10266624.0,238.42897033691406
2007-03-30,313.70001220703125,305.0625,312.0874938964844,308.4624938964844,2807056.0,235.65948486328125
2007-04-02,305.0,296.25,302.5,297.29998779296875,3875896.0,227.13148498535156
2007-04-03,304.20001220703125,297.0,298.75,300.6625061035156,3256852.0,229.70045471191406
2007-04-04,306.17498779296875,297.6000061035156,304.5,299.6000061035156,2402496.0,228.88864135742188
2007-04-05,301.5,296.5249938964844,299.86248779296875,298.54998779296875,2533992.0,228.08656311035156
2007-04-09,306.6875,300.125,300.125,304.29998779296875,2284524.0,232.47947692871094
2007-04-10,306.25,298.8374938964844,304.29998779296875,299.3374938964844,3480240.0,228.68824768066406
2007-04-11,302.36248779296875,296.75,301.3500061035156,297.63751220703125,3826336.0,227.389404296875
2007-04-12,302.25,293.0,297.0,300.23748779296875,3694956.0,229.37574768066406
2007-04-13,317.1000061035156,298.5,302.5,315.5,9778848.0,241.03604125976562
2007-04-16,326.4750061035156,317.5625,321.0,320.0625,9986220.0,244.52169799804688
2007-04-17,328.75,309.5,321.42498779296875,312.5625,10464964.0,238.7918243408203
2007-04-18,316.25,310.25,313.5,311.875,2853584.0,238.2666778564453
2007-04-19,312.0,301.2749938964844,307.5,310.7250061035156,3164652.0,237.3880157470703
2007-04-20,316.98748779296875,312.5249938964844,313.0,314.4125061035156,2870752.0,240.20518493652344
2007-04-23,317.45001220703125,311.25,313.75,311.95001220703125,2265224.0,238.32388305664062
2007-04-24,315.5,304.75,311.0,306.2124938964844,6922516.0,233.94056701660156
2007-04-25,306.7250061035156,302.0,306.25,305.3374938964844,21752404.0,233.27206420898438
2007-04-26,312.3999938964844,305.0,306.75,310.1000061035156,5941756.0,236.91058349609375
2007-04-27,309.125,304.3125,308.75,308.625,4805284.0,235.78369140625
2007-04-30,317.4750061035156,301.25,310.26251220703125,316.5,3888052.0,241.8000946044922
2007-05-03,323.70001220703125,318.13751220703125,318.70001220703125,322.54998779296875,6643028.0,246.42205810546875
2007-05-04,332.4750061035156,317.25,324.75,318.26251220703125,7101200.0,243.1465301513672
2007-05-07,321.2250061035156,316.2875061035156,320.5,318.2250061035156,5553328.0,243.1179656982422
2007-05-08,320.0,314.3125,317.5,316.63751220703125,8191004.0,241.90512084960938
2007-05-09,325.0,306.25,325.0,309.875,4699828.0,236.7386016845703
2007-05-10,322.4750061035156,306.5,311.25,307.42498779296875,3044200.0,234.8668670654297
2007-05-11,314.75,302.5,312.5,313.13751220703125,3867656.0,239.23114013671875
2007-05-14,319.625,311.5249938964844,319.625,312.5625,1260376.0,238.7918243408203
2007-05-15,315.0,306.25,315.0,309.51251220703125,4203120.0,236.46177673339844
2007-05-16,316.25,302.63751220703125,316.25,306.04998779296875,6523616.0,233.81639099121094
2007-05-17,313.42498779296875,307.5,308.2749938964844,312.5,2931260.0,238.7440643310547
2007-05-18,319.0,312.5,314.98748779296875,313.2124938964844,2921004.0,239.28834533691406
2007-05-21,317.5,307.5,317.5,309.26251220703125,2856844.0,236.27073669433594
2007-05-22,311.0,305.26251220703125,309.375,307.6625061035156,6160224.0,235.04837036132812
2007-05-23,310.375,306.2749938964844,310.375,308.3500061035156,1271812.0,235.5735626220703
2007-05-24,312.5,305.25,312.5,306.1875,4552804.0,233.92141723632812
2007-05-25,308.75,302.0,305.23748779296875,307.48748779296875,5244168.0,234.9147186279297
2007-05-28,312.5,305.88751220703125,312.5,306.375,2585172.0,234.06475830078125
2007-05-29,308.75,305.0,306.2250061035156,307.7875061035156,2967280.0,235.14389038085938
2007-05-30,312.5,302.54998779296875,312.5,303.9125061035156,2600056.0,232.18341064453125
2007-05-31,307.25,300.0,307.25,302.0874938964844,5176492.0,230.7891082763672
2007-06-01,307.2749938964844,302.7875061035156,307.2749938964844,304.67498779296875,1728988.0,232.76589965820312
2007-06-04,312.5,300.5,307.0,302.0249938964844,1853384.0,230.7413787841797
2007-06-05,304.45001220703125,300.0,304.45001220703125,302.01251220703125,1751600.0,230.7318878173828
2007-06-06,304.25,294.54998779296875,303.75,300.0874938964844,3832020.0,229.26119995117188
2007-06-07,303.6000061035156,291.32501220703125,300.0,301.75,2008940.0,230.53140258789062
2007-06-08,307.625,297.5,301.625,305.0249938964844,6019076.0,233.03341674804688
2007-06-11,309.8500061035156,304.51251220703125,309.13751220703125,305.3374938964844,2648136.0,233.27206420898438
2007-06-12,307.5,300.0,302.5,304.3374938964844,1402072.0,232.5081329345703
2007-06-13,305.0,298.32501220703125,304.75,300.8125,1768488.0,229.81497192382812
2007-06-14,305.0,300.32501220703125,302.5,301.13751220703125,4176068.0,230.0634002685547
2007-06-15,305.0,295.0,305.0,296.1000061035156,4983152.0,226.96852111816406
2007-06-18,298.75,290.0,298.25,290.6499938964844,2874456.0,222.79090881347656
2007-06-19,291.375,285.82501220703125,291.2749938964844,290.0,3495436.0,222.2926483154297
2007-06-20,293.25,285.25,290.25,286.75,4024968.0,219.8014373779297
2007-06-21,287.70001220703125,282.5,286.25,286.3999938964844,3043728.0,219.533203125
2007-06-22,288.75,283.625,286.25,284.98748779296875,2677304.0,218.450439453125
2007-06-25,287.5,279.6875,284.98748779296875,281.4375,2803776.0,215.729248046875
2007-06-26,285.0,279.4624938964844,282.75,280.4375,2832744.0,214.96282958984375
2007-06-27,284.67498779296875,281.0,282.4750061035156,283.2875061035156,2956696.0,217.1473846435547
2007-06-28,285.98748779296875,281.25,285.98748779296875,284.2124938964844,4342792.0,217.8564453125
2007-06-29,289.0,285.01251220703125,285.25,287.3374938964844,3004456.0,220.25181579589844
2007-07-02,288.25,282.75,288.25,283.61248779296875,1477152.0,217.39649963378906
2007-07-03,287.5,281.0,287.5,281.8999938964844,1829368.0,216.0837860107422
2007-07-04,285.0,279.0,282.0,279.4125061035156,2415464.0,214.17710876464844
2007-07-05,282.04998779296875,275.20001220703125,282.04998779296875,277.9125061035156,3179204.0,213.02735900878906
2007-07-06,291.2250061035156,275.0249938964844,278.75,289.6625061035156,7605684.0,222.03395080566406
2007-07-09,295.6000061035156,291.25,292.1000061035156,294.1875,5359768.0,225.5025177001953
2007-07-10,300.0,292.0,296.25,295.7875061035156,7492968.0,226.7289276123047
2007-07-11,296.25,275.0,295.5,287.2250061035156,6062124.0,220.16558837890625
2007-07-12,292.25,283.5,288.75,290.63751220703125,5763944.0,222.7813262939453
2007-07-13,315.375,282.5625,309.0249938964844,284.0,5784648.0,217.69357299804688
2007-07-16,284.5,278.5,283.75,282.07501220703125,3990240.0,216.2179412841797
2007-07-17,293.95001220703125,287.5,293.95001220703125,288.9375,6164688.0,221.4781951904297
2007-07-18,292.5,286.8374938964844,289.25,291.6625061035156,4371180.0,223.5670623779297
2007-07-19,296.25,291.375,291.75,295.54998779296875,4075512.0,226.54685974121094
2007-07-20,297.48748779296875,291.8500061035156,297.25,293.9750061035156,3744932.0,225.3396453857422
2007-07-23,298.75,290.5249938964844,292.45001220703125,297.73748779296875,4716456.0,228.22364807128906
2007-07-24,298.0,291.75,297.4750061035156,292.9750061035156,3127176.0,224.57315063476562
2007-07-25,292.75,286.25,292.0,287.04998779296875,2670172.0,220.0314483642578
2007-07-26,302.5,286.2749938964844,288.75,297.2749938964844,6002804.0,227.86915588378906
2007-07-27,293.75,281.5,290.0,288.25,3203236.0,221.51007080078125
2007-07-30,292.5,282.5625,287.5,284.11248779296875,1835848.0,218.33058166503906
2007-07-31,290.5,282.5,287.75,289.07501220703125,3218540.0,222.14413452148438
2007-08-01,286.25,277.75,286.25,278.7875061035156,4382172.0,214.23855590820312
2007-08-02,281.125,272.5,280.0,273.7875061035156,1912008.0,210.39617919921875
2007-08-03,278.5,270.875,278.5,274.2250061035156,1993184.0,210.73243713378906
2007-08-06,279.5,268.5,272.5,274.86248779296875,2737548.0,211.22227478027344
2007-08-07,279.45001220703125,273.5249938964844,278.2749938964844,277.32501220703125,2985212.0,213.11460876464844
2007-08-08,292.25,279.5,287.5,288.1499938964844,4055164.0,221.43325805664062
2007-08-09,297.2124938964844,283.79998779296875,290.0,286.42498779296875,5074436.0,220.10765075683594
2007-08-10,288.375,270.1000061035156,278.75,286.125,6290560.0,219.87709045410156
2007-08-13,287.5,281.2875061035156,287.5,283.625,1205524.0,217.95599365234375
2007-08-14,285.0,280.0,283.75,282.5625,1222796.0,217.1395263671875
2007-08-16,279.8999938964844,271.25,275.0,272.0,6663120.0,209.0226287841797
2007-08-17,273.25,259.79998779296875,272.0,264.0375061035156,6901104.0,202.90365600585938
2007-08-20,274.8500061035156,262.7749938964844,270.875,263.88751220703125,4386844.0,202.78836059570312
2007-08-21,269.125,251.125,269.125,253.8125,4363364.0,195.046142578125
2007-08-22,258.17498779296875,249.0,255.0,256.4750061035156,3826620.0,197.09219360351562
2007-08-23,262.0,251.0,258.0,251.97500610351562,3113748.0,193.63404846191406
2007-08-24,256.625,249.875,253.75,254.60000610351562,1926972.0,195.65130615234375
2007-08-27,259.70001220703125,255.0124969482422,256.23748779296875,256.625,2666856.0,197.20741271972656
2007-08-28,259.75,252.75,259.0,257.1875,2263504.0,197.6396484375
2007-08-29,259.95001220703125,250.25,255.0,257.8999938964844,3196688.0,198.18727111816406
2007-08-30,264.75,256.25,260.5,261.5,7003172.0,200.95370483398438
2007-08-31,267.42498779296875,261.75,263.0,266.0874938964844,2377496.0,204.47900390625
2007-09-03,268.75,263.3500061035156,267.5,265.3125,2496264.0,203.88345336914062
2007-09-04,271.92498779296875,265.25,266.25,266.5249938964844,2182756.0,204.8152313232422
2007-09-05,270.73748779296875,266.2749938964844,266.75,268.0874938964844,3516964.0,206.0159149169922
2007-09-06,270.25,265.25,266.25,269.5,1871860.0,207.10137939453125
2007-09-07,271.125,267.5,269.25,269.0625,1691576.0,206.76519775390625
2007-09-10,269.0625,261.0,269.0625,261.8125,2201060.0,201.19378662109375
2007-09-11,273.61248779296875,255.0,273.61248779296875,255.83749389648438,3386556.0,196.60227966308594
2007-09-12,259.4375,253.375,257.5,253.89999389648438,2344104.0,195.1133270263672
2007-09-13,258.75,252.60000610351562,256.2250061035156,257.70001220703125,2153072.0,198.0335235595703
2007-09-14,262.5,254.52499389648438,262.5,255.6125030517578,1900228.0,196.4293975830078
2007-09-17,257.95001220703125,248.9250030517578,256.25,249.41250610351562,5086176.0,191.66481018066406
2007-09-18,251.9250030517578,248.25,249.25,250.6125030517578,4942808.0,192.58702087402344
2007-09-19,258.42498779296875,254.3000030517578,256.25,255.7624969482422,4642668.0,196.5446014404297
2007-09-20,255.52499389648438,249.3000030517578,255.0,250.5124969482422,2355156.0,192.5102081298828
2007-09-21,256.25,244.5,247.75,254.4499969482422,7928660.0,195.53598022460938
2007-09-24,257.5,250.0500030517578,255.0,251.8125,3595068.0,193.50914001464844
2007-09-25,253.5,249.0500030517578,252.5,250.4250030517578,5400496.0,192.44288635253906
2007-09-26,262.20001220703125,251.25,252.5,260.1875,8340892.0,199.94512939453125
2007-09-27,266.875,261.75,262.5,265.625,8602140.0,204.1236114501953
2007-09-28,270.0,256.25,256.25,265.0375061035156,6249532.0,203.67218017578125
2007-10-01,265.25,255.75,265.25,260.4125061035156,2176580.0,200.11798095703125
2007-10-03,273.75,262.4750061035156,262.5,269.79998779296875,5122872.0,207.33200073242188
2007-10-04,271.25,263.5,271.25,269.82501220703125,4359804.0,207.35113525390625
2007-10-05,269.82501220703125,264.32501220703125,269.82501220703125,268.20001220703125,1744048.0,206.10243225097656
2007-10-08,274.70001220703125,265.54998779296875,270.26251220703125,269.5874938964844,2662144.0,207.16860961914062
2007-10-09,276.20001220703125,268.82501220703125,270.0,273.73748779296875,3707640.0,210.3577880859375
2007-10-10,282.5625,274.6000061035156,276.17498779296875,281.375,3983236.0,216.22698974609375
2007-10-11,283.8500061035156,265.0,283.75,268.0,5598340.0,205.94874572753906
2007-10-12,268.75,257.57501220703125,263.0,265.875,4912920.0,204.31573486328125
2007-10-15,272.9125061035156,264.9375,267.5,268.5375061035156,6871600.0,206.36175537109375
2007-10-16,278.75,265.25,275.0,267.1000061035156,7060528.0,205.25709533691406
2007-10-17,278.75,250.0,265.0,273.67498779296875,6924440.0,210.30975341796875
2007-10-18,287.4750061035156,269.32501220703125,283.75,280.9624938964844,13645436.0,215.90997314453125
2007-10-19,287.5,270.6000061035156,286.9624938964844,277.2124938964844,8094132.0,213.02822875976562
2007-10-22,279.25,266.2749938964844,279.25,267.98748779296875,3836808.0,206.49774169921875
2007-10-23,275.0,264.75,267.0,265.8999938964844,5862364.0,204.88926696777344
2007-10-24,275.0,260.82501220703125,275.0,262.0,4100988.0,201.88409423828125
2007-10-25,265.0,259.5375061035156,264.75,262.3999938964844,4925272.0,202.19236755371094
2007-10-26,271.0,260.54998779296875,262.5,267.82501220703125,2960060.0,206.37257385253906
2007-10-29,272.5,265.3500061035156,272.25,267.0,3536052.0,205.7368927001953
2007-10-30,268.75,260.07501220703125,268.0,262.125,3145804.0,201.98046875
2007-10-31,265.92498779296875,254.25,261.75,259.5,47216528.0,199.95773315429688
2007-11-01,263.75,254.875,263.75,255.7624969482422,5518404.0,197.0778045654297
2007-11-02,257.5,250.75,252.5,255.3000030517578,3494680.0,196.72145080566406
2007-11-05,257.70001220703125,251.3125,255.25,252.8249969482422,1876468.0,194.81430053710938
2007-11-06,254.9499969482422,250.0,253.75,251.0749969482422,2198988.0,193.46583557128906
2007-11-07,252.28750610351562,246.52499389648438,251.27499389648438,249.2624969482422,3504016.0,192.0692138671875
2007-11-08,249.9499969482422,245.0,247.52499389648438,247.41250610351562,2686964.0,190.6437530517578
2007-11-12,246.3125,240.0,246.3125,240.96249389648438,5280988.0,185.67369079589844
2007-11-13,243.1750030517578,231.66250610351562,240.96249389648438,236.83749389648438,4697988.0,182.49513244628906
2007-11-14,261.2749938964844,240.0,240.0,246.6750030517578,3588368.0,190.0754852294922
2007-11-15,249.47500610351562,242.5,247.75,245.0500030517578,2295396.0,188.82334899902344
2007-11-16,249.5,241.78750610351562,245.0,245.72500610351562,3666816.0,189.3434600830078
2007-11-19,251.75,240.02499389648438,240.02499389648438,248.375,2943548.0,191.38534545898438
2007-11-20,247.25,239.52499389648438,247.25,240.3249969482422,4111392.0,185.18246459960938
2007-11-21,245.0,234.0,240.3249969482422,236.1999969482422,3337028.0,182.00392150878906
2007-11-22,242.4250030517578,233.75,242.4250030517578,237.5500030517578,2402356.0,183.04415893554688
2007-11-23,241.5,237.4375,238.125,240.2375030517578,2273540.0,185.1150665283203
2007-11-26,248.5,242.5,245.0,246.27499389648438,2234300.0,189.76722717285156
2007-11-27,249.72500610351562,242.52499389648438,247.625,248.9875030517578,1503964.0,191.85740661621094
2007-11-28,250.9499969482422,242.5,250.0,244.125,2927688.0,188.1105499267578
2007-11-29,250.125,238.75,250.0,241.5124969482422,5029688.0,186.09747314453125
2007-11-30,254.5,241.5124969482422,241.5124969482422,253.0500030517578,5334612.0,194.9877471923828
2007-12-03,266.5,252.60000610351562,254.0,262.4750061035156,6516348.0,202.25018310546875
2007-12-04,262.5,256.26251220703125,262.4750061035156,257.42498779296875,1783824.0,198.3588104248047
2007-12-05,261.25,255.125,257.5,258.29998779296875,2069240.0,199.0330810546875
2007-12-06,262.92498779296875,257.79998779296875,260.0,258.88751220703125,4163452.0,199.48583984375
2007-12-07,268.01251220703125,256.5625,260.0,265.6499938964844,4805808.0,204.69659423828125
2007-12-10,268.5,257.5,267.5249938964844,258.8999938964844,3864020.0,199.49542236328125
2007-12-11,262.25,256.3125,262.25,260.32501220703125,2907456.0,200.59344482421875
2007-12-12,265.0,256.5249938964844,257.04998779296875,263.3500061035156,3718608.0,202.92433166503906
2007-12-13,265.5249938964844,256.92498779296875,262.42498779296875,257.3999938964844,4645736.0,198.3395538330078
2007-12-14,263.75,253.8249969482422,253.8249969482422,260.1000061035156,2720436.0,200.4200439453125
2007-12-17,268.1000061035156,251.25,268.1000061035156,253.10000610351562,3203328.0,195.02621459960938
2007-12-18,260.0,250.8249969482422,252.5,251.22500610351562,3845860.0,193.58145141601562
2007-12-19,257.20001220703125,252.0,253.0,256.125,2671020.0,197.35714721679688
2007-12-20,263.48748779296875,255.75,257.375,261.3374938964844,3036020.0,201.37362670898438
2007-12-24,280.0,262.5,270.0,277.42498779296875,4655664.0,213.76988220214844
2007-12-26,279.92498779296875,271.5375061035156,278.75,275.07501220703125,2905996.0,211.9591064453125
2007-12-27,280.0,271.63751220703125,276.2749938964844,277.6875,4008568.0,213.97215270996094
2007-12-28,275.0,265.0,275.0,270.5375061035156,2196596.0,208.4627227783203
2007-12-31,274.01251220703125,263.0,270.75,269.3500061035156,2156168.0,207.5476531982422
2008-01-01,269.25,263.0,269.25,263.63751220703125,928388.0,203.14585876464844
2008-01-02,265.25,257.875,265.0,262.5,2864924.0,202.26939392089844
2008-01-03,261.25,251.33749389648438,257.5249938964844,252.7624969482422,5168280.0,194.7661895751953
2008-01-04,255.72500610351562,250.5749969482422,252.7624969482422,251.3000030517578,2318868.0,193.6392364501953
2008-01-07,252.1999969482422,243.125,250.0,243.89999389648438,3647344.0,187.9371337890625
2008-01-08,248.0,242.3249969482422,245.0,246.96249389648438,3207732.0,190.29693603515625
2008-01-09,251.5,247.47500610351562,248.6999969482422,249.0749969482422,2450128.0,191.92477416992188
2008-01-10,252.375,240.5,249.5,245.41250610351562,3342376.0,189.10263061523438
2008-01-11,251.0,228.83749389648438,228.83749389648438,247.4375,2149188.0,190.6630096435547
2008-01-14,249.9499969482422,238.89999389648438,249.9499969482422,240.28750610351562,4158864.0,185.153564453125
2008-01-15,242.0,233.5,241.25,235.0,2935588.0,181.0792999267578
2008-01-16,241.6750030517578,231.25,235.0,236.2375030517578,3131956.0,182.03282165527344
2008-01-17,241.5,229.75,241.4499969482422,230.6750030517578,6302096.0,177.7467041015625
2008-01-18,235.0,224.27499389648438,232.375,225.8000030517578,4333816.0,173.9901885986328
2008-01-21,226.1750030517578,201.3125,226.0,207.7624969482422,4840032.0,160.09136962890625
2008-01-22,247.5,181.25,203.6750030517578,200.0625,6376872.0,154.15814208984375
2008-01-23,222.5,201.25,214.75,217.9875030517578,5359120.0,168.60238647460938
2008-01-24,222.0,206.4375,217.5,210.8125,2013336.0,163.0528564453125
2008-01-25,224.4250030517578,212.52499389648438,213.25,221.14999389648438,2243116.0,171.0482940673828
2008-01-28,217.5,206.25,217.5,213.5749969482422,2485660.0,165.1895294189453
2008-01-29,221.14999389648438,213.75,214.0,216.9250030517578,3258712.0,167.780517578125
2008-01-30,223.0,215.0,220.5,217.46249389648438,3032856.0,168.1962890625
2008-01-31,222.5,208.83749389648438,217.5,218.4375,5966956.0,168.95040893554688
2008-02-01,235.27499389648438,218.3249969482422,221.25,232.375,4169520.0,179.7303924560547
2008-02-04,247.25,234.75,236.25,243.91250610351562,3730520.0,188.654052734375
2008-02-05,243.75,233.91250610351562,240.0,238.7624969482422,1722872.0,184.67079162597656
2008-02-06,232.5,223.625,232.5,226.52499389648438,4007952.0,175.2056427001953
2008-02-07,226.52499389648438,217.7624969482422,226.52499389648438,219.7624969482422,2574652.0,169.97525024414062
2008-02-08,231.25,220.0,221.0,224.60000610351562,2576820.0,173.71681213378906
2008-02-11,233.0,215.02499389648438,224.60000610351562,226.52499389648438,3200988.0,175.2056427001953
2008-02-12,231.25,215.0,226.25,216.16250610351562,5161328.0,167.1907958984375
2008-02-13,224.25,212.8249969482422,218.75,217.2375030517578,2185376.0,168.0222930908203
2008-02-14,225.0,215.25,221.25,218.4499969482422,2246480.0,168.9600372314453
2008-02-15,221.7624969482422,215.0,215.0,218.1750030517578,2213044.0,168.7473907470703
2008-02-18,218.75,212.5,218.1750030517578,213.3000030517578,1723160.0,164.976806640625
2008-02-19,221.0,213.75,214.0,218.8625030517578,1947288.0,169.2791290283203
2008-02-20,223.66250610351562,218.3125,219.97500610351562,221.52499389648438,3060624.0,171.33843994140625
2008-02-21,232.75,220.5,224.5,228.66250610351562,3562052.0,176.8589324951172
2008-02-22,230.22500610351562,221.25,230.0,225.1374969482422,2401516.0,174.1324920654297
2008-02-25,232.25,222.5625,232.0,225.1875,3255460.0,174.17117309570312
2008-02-26,231.0,223.75,231.0,224.60000610351562,4999584.0,173.71681213378906
2008-02-27,228.71249389648438,218.5124969482422,227.0,219.3874969482422,2364056.0,169.6851806640625
2008-02-28,222.5,218.0,221.25,220.22500610351562,5579004.0,170.33294677734375
2008-02-29,222.9250030517578,215.875,220.0,219.35000610351562,3416480.0,169.65618896484375
2008-03-03,217.1750030517578,210.0,216.5,212.14999389648438,3141328.0,164.08737182617188
2008-03-04,217.5,211.77499389648438,214.5,214.6999969482422,3010532.0,166.05967712402344
2008-03-05,220.6999969482422,211.25,211.25,218.8249969482422,2209348.0,169.25013732910156
2008-03-07,216.52499389648438,210.5625,215.64999389648438,211.53750610351562,1996828.0,163.61358642578125
2008-03-10,213.5,207.5,211.53750610351562,208.41250610351562,2494168.0,161.1965789794922
2008-03-11,210.0,205.0,210.0,205.875,4043520.0,159.23399353027344
2008-03-12,212.5,202.5625,209.75,205.8874969482422,1884412.0,159.24354553222656
2008-03-13,203.75,190.25,203.75,194.9250030517578,3408600.0,150.76466369628906
2008-03-14,203.22500610351562,187.5,195.0,200.96249389648438,2216056.0,155.43434143066406
2008-03-17,199.4250030517578,192.1875,193.75,197.96249389648438,1958904.0,153.11399841308594
2008-03-18,207.1999969482422,192.5,197.5,204.4250030517578,3596080.0,158.11241149902344
2008-03-19,210.0,201.3874969482422,207.0,202.8625030517578,4361924.0,156.9039306640625
2008-03-24,209.375,202.8625030517578,202.8625030517578,205.9250030517578,3301984.0,159.2726593017578
2008-03-25,224.96249389648438,208.75,210.0,219.125,2928896.0,169.48216247558594
2008-03-26,235.0,212.8874969482422,235.0,219.58749389648438,2171768.0,169.83987426757812
2008-03-27,219.0,210.27499389648438,218.0,213.125,6151152.0,164.84146118164062
2008-03-28,218.6750030517578,213.0,213.25,217.7624969482422,3633696.0,168.4283447265625
2008-03-31,217.7624969482422,199.25,217.7624969482422,202.6125030517578,4051860.0,156.7105712890625
2008-04-01,213.22500610351562,202.5,205.0,208.08749389648438,2086728.0,160.9451446533203
2008-04-02,217.25,212.3125,212.5,212.8125,1428844.0,164.59976196289062
2008-04-03,223.0,212.5,212.5,221.35000610351562,3287172.0,171.2030487060547
2008-04-04,222.47500610351562,215.0124969482422,221.5,218.22500610351562,2020844.0,168.7860565185547
2008-04-07,230.02499389648438,219.5500030517578,223.75,226.02499389648438,3659528.0,174.8189697265625
2008-04-08,226.75,218.75,226.25,221.83749389648438,4055352.0,171.5801239013672
2008-04-09,223.0,217.25,220.0,219.0625,1482600.0,169.43386840820312
2008-04-10,229.91250610351562,219.25,220.0,224.8874969482422,2925932.0,173.93911743164062
2008-04-11,231.25,223.3125,225.7624969482422,227.0,2189264.0,175.57302856445312
2008-04-15,246.25,220.10000610351562,230.5,243.53750610351562,5703772.0,188.36392211914062
2008-04-16,250.5,240.5,246.25,242.97500610351562,6438768.0,187.9289093017578
2008-04-17,252.5,244.8874969482422,249.9250030517578,250.22500610351562,3999556.0,193.53643798828125
2008-04-21,258.75,246.64999389648438,252.25,248.35000610351562,3399296.0,192.08619689941406
2008-04-22,246.2375030517578,220.5,246.2375030517578,221.8000030517578,13785196.0,171.55111694335938
2008-04-23,226.4250030517578,220.0124969482422,221.75,222.28750610351562,6326156.0,171.92823791503906
2008-04-24,226.22500610351562,216.0,226.0,222.6875,15290096.0,172.237548828125
2008-04-25,228.0,221.25,228.0,222.3249969482422,6828568.0,171.9571533203125
2008-04-28,224.0,180.0,202.25,220.4250030517578,6598136.0,170.48765563964844
2008-04-29,232.5,217.53750610351562,220.5124969482422,227.6374969482422,16209848.0,176.0661163330078
2008-04-30,233.9375,226.625,229.02499389648438,230.25,9487980.0,178.08673095703125
2008-05-02,240.5,231.0,231.25,235.9375,5298780.0,182.48574829101562
2008-05-05,237.375,230.28750610351562,236.25,231.8625030517578,3613764.0,179.333984375
2008-05-06,237.5,218.14999389648438,227.5,234.2624969482422,3982796.0,181.1902313232422
2008-05-07,244.97500610351562,237.5,237.5,241.6875,12585540.0,186.93310546875
2008-05-08,241.25,229.5,241.22500610351562,236.75,10845832.0,183.11415100097656
2008-05-09,239.75,227.5,239.75,229.25,4492296.0,177.31332397460938
2008-05-12,233.71249389648438,227.5749969482422,229.25,231.72500610351562,3898508.0,179.22764587402344
2008-05-13,235.35000610351562,222.25,232.5,226.2624969482422,4462876.0,175.00265502929688
2008-05-14,244.7375030517578,222.78750610351562,226.25,242.78750610351562,9373188.0,187.78392028808594
2008-05-15,250.5,240.02499389648438,243.25,246.1875,7177896.0,190.41366577148438
2008-05-16,248.5,242.125,248.5,245.2624969482422,3838648.0,189.6981964111328
2008-05-20,247.5,236.8125,243.75,239.02499389648438,4946904.0,184.87379455566406
2008-05-21,242.0,228.75,232.0,241.27499389648438,3140184.0,186.614013671875
2008-05-22,246.375,237.75,239.125,240.28750610351562,5445200.0,185.8502960205078
2008-05-23,244.9250030517578,231.52499389648438,243.72500610351562,233.10000610351562,5401384.0,180.29103088378906
2008-05-26,240.72500610351562,229.0,230.0,238.8625030517578,5457272.0,184.74806213378906
2008-05-27,248.5,236.5,245.0,242.22500610351562,5682072.0,187.34881591796875
2008-05-28,253.8125,242.52499389648438,242.52499389648438,252.3625030517578,5469588.0,195.18966674804688
2008-05-29,257.0874938964844,246.0,252.25,248.66250610351562,8258940.0,192.3279266357422
2008-05-30,262.25,244.5,247.75,259.7875061035156,15485284.0,200.9325408935547
2008-06-02,264.3500061035156,241.25,253.75,245.96249389648438,7054764.0,190.2396240234375
2008-06-03,247.5,234.53750610351562,240.0,243.78750610351562,4900256.0,188.557373046875
2008-06-04,247.4499969482422,236.58749389648438,247.4499969482422,239.1875,3787856.0,184.9994354248047
2008-06-05,249.1999969482422,241.0,241.02499389648438,245.46249389648438,5905256.0,189.8528594970703
2008-06-06,249.66250610351562,239.4499969482422,247.5,241.5500030517578,4137784.0,186.82672119140625
2008-06-09,241.22500610351562,222.5,225.5625,228.52499389648438,6140140.0,176.7525634765625
2008-06-10,229.75,216.75,227.5,219.75,6155372.0,169.96556091308594
2008-06-11,227.5,220.0,222.5,222.58749389648438,4113368.0,172.16026306152344
2008-06-12,225.60000610351562,214.25,223.5,222.0625,2464004.0,171.75416564941406
2008-06-13,230.47500610351562,220.0,220.0,227.39999389648438,6732432.0,175.88250732421875
2008-06-16,232.0,225.8125,229.75,227.6999969482422,6541784.0,176.114501953125
2008-06-17,231.75,226.25,226.25,230.3249969482422,3504824.0,178.14474487304688
2008-06-18,230.25,222.75,230.1999969482422,225.22500610351562,6431336.0,175.15077209472656
2008-06-19,224.5,220.0,220.0625,222.0,3289068.0,172.64279174804688
2008-06-20,224.97500610351562,210.3874969482422,224.97500610351562,215.96249389648438,8157760.0,167.94760131835938
2008-06-23,219.8625030517578,210.75,215.96249389648438,214.6125030517578,3572312.0,166.8977508544922
2008-06-24,216.9250030517578,205.85000610351562,212.5,211.10000610351562,9287176.0,164.1661834716797
2008-06-25,221.25,207.8249969482422,210.0,219.1999969482422,5914196.0,170.46533203125
2008-06-26,224.5,215.10000610351562,221.0,220.33749389648438,7028316.0,171.3498992919922
2008-06-27,220.33749389648438,212.78750610351562,220.33749389648438,216.375,6260948.0,168.26837158203125
2008-06-30,219.5,212.5,217.75,214.5500030517578,3258044.0,166.84918212890625
2008-07-01,218.0,208.7624969482422,216.25,211.9250030517578,5059616.0,164.80775451660156
2008-07-02,222.0,210.0,212.5,219.125,8141112.0,170.4069366455078
2008-07-03,220.25,205.1374969482422,220.25,214.16250610351562,4172528.0,166.54779052734375
2008-07-04,217.5124969482422,208.875,217.47500610351562,211.125,3939584.0,164.18560791015625
2008-07-07,216.0,208.0,211.25,213.0625,1794132.0,165.69235229492188
2008-07-08,211.25,204.5,207.53750610351562,207.5500030517578,3947624.0,161.40545654296875
2008-07-09,222.4875030517578,212.5,212.5,219.1875,3578548.0,170.45559692382812
2008-07-10,222.25,213.08749389648438,217.5,217.10000610351562,3504368.0,168.83221435546875
2008-07-11,235.75,196.35000610351562,229.25,199.64999389648438,5523784.0,155.26182556152344
2008-07-14,200.0,190.25,200.0,191.96249389648438,4559896.0,149.28350830078125
2008-07-15,196.6125030517578,184.28750610351562,191.96249389648438,187.66250610351562,4509844.0,145.9395294189453
2008-07-16,193.41250610351562,178.97500610351562,188.66250610351562,182.02499389648438,5739900.0,141.55540466308594
2008-07-17,196.72500610351562,182.5124969482422,183.75,195.8125,10350716.0,152.27752685546875
2008-07-18,200.5,187.25,195.0,198.46249389648438,8339496.0,154.33834838867188
2008-07-21,203.75,195.75,199.75,203.1999969482422,3582068.0,158.02256774902344
2008-07-22,210.9875030517578,201.5124969482422,204.0,207.96249389648438,4241164.0,161.72622680664062
2008-07-23,217.5,204.72500610351562,207.5,215.1374969482422,5971420.0,167.3059844970703
2008-07-24,218.625,198.08749389648438,218.625,200.6374969482422,11742336.0,156.0298309326172
2008-07-25,212.375,195.5,199.8000030517578,199.8000030517578,8842536.0,155.37847900390625
2008-07-28,204.2375030517578,196.25,200.0,201.5625,1969372.0,156.74905395507812
2008-07-29,203.4499969482422,198.0,201.6750030517578,202.2375030517578,2472192.0,157.27401733398438
2008-07-30,211.5,200.0,211.5,209.7375030517578,4420076.0,163.10659790039062
2008-07-31,210.5,205.375,210.0,208.4375,5195580.0,162.67733764648438
2008-08-01,214.2375030517578,202.8125,206.25,210.16250610351562,4011724.0,164.02365112304688
2008-08-04,210.0,202.75,203.75,203.83749389648438,5238928.0,159.0872802734375
2008-08-05,208.75,201.3125,203.85000610351562,207.4250030517578,4768200.0,161.88706970214844
2008-08-06,217.4875030517578,209.10000610351562,209.97500610351562,215.1374969482422,5009932.0,167.90640258789062
2008-08-07,217.47500610351562,211.25,214.75,213.33749389648438,3072320.0,166.50160217285156
2008-08-08,214.25,208.35000610351562,211.2375030517578,211.27499389648438,2086672.0,164.89187622070312
2008-08-11,214.4499969482422,206.125,213.0,208.4875030517578,3405100.0,162.7163543701172
2008-08-12,210.9250030517578,203.75,208.75,204.8125,3323504.0,159.84817504882812
2008-08-13,209.4250030517578,200.0,200.0,207.0749969482422,3697968.0,161.6139373779297
2008-08-14,211.16250610351562,202.75,207.25,208.3000030517578,3741508.0,162.5700225830078
2008-08-18,213.10000610351562,208.75,210.0,210.3874969482422,1956648.0,164.19924926757812
2008-08-19,212.75,208.77499389648438,211.125,210.3125,1953300.0,164.14064025878906
2008-08-20,212.25,208.75,210.6750030517578,210.39999389648438,1127256.0,164.208984375
2008-08-21,210.5,203.8000030517578,209.0,204.46249389648438,1976516.0,159.5749969482422
2008-08-22,206.1875,200.875,204.75,204.75,2645284.0,159.79937744140625
2008-08-25,208.75,204.0,206.0,204.5500030517578,942244.0,159.64328002929688
2008-08-26,209.2375030517578,202.4875030517578,202.4875030517578,208.5124969482422,2205004.0,162.7357940673828
2008-08-27,209.0,203.27499389648438,205.02499389648438,204.6125030517578,2131788.0,159.69207763671875
2008-08-28,206.0625,195.66250610351562,205.0,198.08749389648438,6580688.0,154.59959411621094
2008-08-29,204.9875030517578,200.0,200.0,203.0500030517578,1998500.0,158.47262573242188
2008-09-01,205.0,201.75,203.75,203.7375030517578,1527432.0,159.0091552734375
2008-09-02,213.25,203.7375030517578,203.7375030517578,212.1999969482422,2647848.0,165.61378479003906
2008-09-04,213.6999969482422,208.08749389648438,211.25,211.0500030517578,2461676.0,164.71629333496094
2008-09-05,212.5,206.25,212.5,209.60000610351562,2445368.0,163.5845947265625
2008-09-08,218.60000610351562,210.5,215.0,214.1750030517578,5170432.0,167.15524291992188
2008-09-09,217.9250030517578,210.0,213.75,216.1999969482422,2815328.0,168.73565673828125
2008-09-10,217.5500030517578,212.02499389648438,215.28750610351562,212.72500610351562,3063456.0,166.02357482910156
2008-09-11,217.0,207.25,212.72500610351562,209.1750030517578,1908976.0,163.2529296875
2008-09-12,216.25,200.2375030517578,216.25,202.6374969482422,3573964.0,158.15066528320312
2008-09-15,199.75,186.25,195.0,190.14999389648438,8550948.0,148.4046173095703
2008-09-16,187.75,181.25,187.375,187.21249389648438,5072364.0,146.11204528808594
2008-09-17,191.16250610351562,182.0,187.0,182.52499389648438,4200868.0,142.45361328125
2008-09-18,187.25,167.75,182.0,180.28750610351562,6357104.0,140.7073974609375
2008-09-19,194.9250030517578,182.52499389648438,194.9250030517578,191.71249389648438,9544368.0,149.6241455078125
2008-09-22,217.0,188.25,217.0,191.6999969482422,4472944.0,149.6143798828125
2008-09-23,191.9250030517578,178.83749389648438,178.83749389648438,180.25,2966120.0,140.67813110351562
2008-09-24,187.0,172.5749969482422,181.1374969482422,178.2624969482422,7380724.0,139.12692260742188
2008-09-25,179.96249389648438,167.7624969482422,178.27499389648438,172.10000610351562,15122632.0,134.31735229492188
2008-09-26,175.0,166.5500030517578,175.0,169.0500030517578,4217244.0,131.9369659423828
2008-09-29,169.6999969482422,153.0,169.6999969482422,155.0,5578636.0,120.97142791748047
2008-09-30,169.1750030517578,147.5,148.0,166.39999389648438,8391372.0,129.86868286132812
2008-10-01,171.22500610351562,161.33749389648438,167.39999389648438,167.9375,6017916.0,131.0686798095703
2008-10-03,166.2375030517578,160.58749389648438,166.2375030517578,164.375,4172404.0,128.2882537841797
2008-10-06,162.8125,150.0,162.8125,154.75,5882984.0,120.77637481689453
2008-10-07,166.25,141.5,157.78750610351562,143.97500610351562,8884604.0,112.36686706542969
2008-10-08,140.7375030517578,127.0,138.75,136.64999389648438,8301380.0,106.64996337890625
2008-10-10,137.5,120.0999984741211,135.0,131.1999969482422,13742076.0,102.396484375
2008-10-13,150.72500610351562,131.1999969482422,131.9875030517578,143.21249389648438,13866024.0,111.77178955078125
2008-10-14,154.85000610351562,145.33749389648438,149.75,148.1750030517578,7424624.0,115.64485931396484
2008-10-15,147.16250610351562,133.8249969482422,146.25,135.77499389648438,5308752.0,105.9670639038086
2008-10-16,132.1750030517578,116.9749984741211,131.25,123.75,8031800.0,96.58206176757812
2008-10-17,132.25,111.25,125.0,113.4625015258789,9743540.0,88.55305480957031
2008-10-20,126.25,113.8125,124.1624984741211,122.8375015258789,12413060.0,95.86988067626953
2008-10-21,141.97500610351562,123.3375015258789,134.60000610351562,139.77499389648438,11804900.0,109.08892822265625
2008-10-22,138.75,127.7750015258789,138.75,136.66250610351562,6020668.0,106.65975189208984
2008-10-23,147.0,125.3125,131.16250610351562,136.8249969482422,10501016.0,106.78656005859375
2008-10-24,134.10000610351562,110.0,125.92500305175781,124.7125015258789,8479936.0,97.33326721191406
2008-10-27,129.5,103.8375015258789,120.25,124.1875,8972576.0,96.92349243164062
2008-10-29,143.75,132.5625,140.5,135.1999969482422,10955572.0,106.15946197509766
2008-10-31,148.75,132.4375,142.25,134.375,10375980.0,105.51165008544922
2008-11-03,145.75,131.7624969482422,139.9875030517578,136.85000610351562,7532020.0,107.45502471923828
2008-11-04,149.14999389648438,122.5,149.14999389648438,127.125,9422540.0,99.81893920898438
2008-11-05,137.22500610351562,125.0,128.75,126.5999984741211,9233164.0,99.40670013427734
2008-11-06,132.125,120.5250015258789,132.125,125.05000305175781,7861916.0,98.18962860107422
2008-11-07,133.75,121.4375,125.0,131.28750610351562,5877720.0,103.08733367919922
2008-11-10,138.125,128.7624969482422,137.47500610351562,136.6125030517578,4099016.0,107.2685546875
2008-11-11,136.9375,130.0,135.5,132.21249389648438,6498776.0,103.81364440917969
2008-11-12,138.6125030517578,128.7624969482422,132.21249389648438,133.72500610351562,7742044.0,105.00126647949219
2008-11-14,137.125,130.875,136.25,132.71249389648438,6617464.0,104.20624542236328
2008-11-17,134.25,126.375,132.25,129.75,8090972.0,101.88009643554688
2008-11-18,130.0,120.0,130.0,120.7874984741211,9755152.0,94.84270477294922
2008-11-19,124.0,117.92500305175781,122.5,120.6624984741211,8175088.0,94.74453735351562
2008-11-20,120.0,115.0,120.0,118.25,5016448.0,92.85028076171875
2008-11-21,129.25,115.0,117.42500305175781,126.61250305175781,6845692.0,99.41651916503906
2008-11-24,132.91250610351562,122.5625,126.0,129.97500610351562,8370556.0,102.05677032470703
2008-11-25,134.9875030517578,125.01249694824219,129.77499389648438,126.0,5774020.0,98.93555450439453
2008-11-26,132.5,124.2874984741211,125.8125,131.8625030517578,6135556.0,103.53881072998047
2008-11-27,131.8625030517578,131.8625030517578,131.8625030517578,131.8625030517578,0.0,103.53881072998047
2008-11-28,142.0,129.5,129.5,139.85000610351562,12138064.0,109.81065368652344
2008-12-01,148.4375,139.08749389648438,139.85000610351562,141.03750610351562,11958704.0,110.74311828613281
2008-12-02,142.5,130.7624969482422,142.5,133.21249389648438,6658808.0,104.59884643554688
2008-12-03,137.9250030517578,130.39999389648438,134.08749389648438,133.6999969482422,9997992.0,104.98164367675781
2008-12-04,138.4250030517578,125.8375015258789,133.75,137.35000610351562,8256508.0,107.84764862060547
2008-12-05,136.3249969482422,129.5625,134.60000610351562,130.4499969482422,7105448.0,102.42972564697266
2008-12-08,136.5625,128.10000610351562,133.75,130.5625,7621404.0,102.51806640625
2008-12-10,139.1999969482422,132.375,137.4499969482422,135.2624969482422,8088380.0,106.20854949951172
2008-12-11,137.4250030517578,125.5,137.4250030517578,126.9124984741211,7300252.0,99.65206909179688
2008-12-12,127.48750305175781,118.8125,127.48750305175781,120.32499694824219,7121036.0,94.47955322265625
2008-12-15,125.5,116.8125,125.5,117.4124984741211,5997716.0,92.19264221191406
2008-12-16,121.2249984741211,116.25,117.5,119.8375015258789,5847868.0,94.0967788696289
2008-12-17,123.0,118.0,121.3375015258789,119.32499694824219,6476068.0,93.69432830810547
2008-12-18,128.52499389648438,118.0,118.7249984741211,127.625,5723936.0,100.21153259277344
2008-12-19,133.5,123.5250015258789,125.75,128.3874969482422,4943988.0,100.81025695800781
2008-12-22,129.875,125.8499984741211,129.875,127.63749694824219,4106852.0,100.22134399414062
2008-12-23,127.9000015258789,123.0625,123.80000305175781,125.1500015258789,3567120.0,98.26813507080078
2008-12-24,126.1875,118.0625,124.17500305175781,119.5374984741211,9148436.0,93.86121368408203
2008-12-26,123.75,116.30000305175781,116.30000305175781,117.9124984741211,3154564.0,92.58524322509766
2008-12-29,119.875,115.0,119.0,119.19999694824219,4875608.0,93.59617614746094
2008-12-30,123.375,117.5,121.25,120.63749694824219,3522528.0,94.72492218017578
2008-12-31,123.07499694824219,118.0625,123.07499694824219,119.4749984741211,2543696.0,93.81211853027344
2009-01-02,127.17500305175781,123.5374984741211,124.26249694824219,124.57499694824219,5375740.0,97.81668853759766
2009-01-05,130.75,124.5,125.5,128.8125,4829776.0,101.14396667480469
2009-01-06,130.5,124.5625,128.75,126.5999984741211,5918992.0,99.40670013427734
2009-01-07,129.9499969482422,116.1500015258789,129.75,126.19999694824219,9013828.0,99.09260559082031
2009-01-09,137.4499969482422,121.25,124.9749984741211,134.2375030517578,14219980.0,105.40371704101562
2009-01-12,132.5,126.2750015258789,127.9124984741211,128.1374969482422,7595416.0,100.61394500732422
2009-01-13,134.25,122.05000305175781,124.9000015258789,131.41250610351562,13359808.0,103.18549346923828
2009-01-14,139.39999389648438,132.0,132.0,134.7375030517578,5958904.0,105.7962875366211
2009-01-15,130.75,124.5875015258789,130.0,127.61250305175781,7171524.0,100.20172119140625
2009-01-16,129.75,121.625,127.17500305175781,125.75,9790076.0,98.73927307128906
2009-01-19,129.47500610351562,121.82499694824219,129.47500610351562,125.1875,6868376.0,98.29761505126953
2009-01-20,126.9749984741211,122.5,123.67500305175781,124.11250305175781,4635196.0,97.45353698730469
2009-01-21,125.25,121.25,122.75,123.07499694824219,3669860.0,96.63886260986328
2009-01-22,126.01249694824219,120.7874984741211,123.75,124.1500015258789,4848136.0,97.48297882080078
2009-01-23,124.7249984741211,120.82499694824219,122.5250015258789,121.5374984741211,3031220.0,95.431640625
2009-01-27,128.75,122.75,122.75,124.7750015258789,5243956.0,97.97370147705078
2009-01-28,127.5,118.80000305175781,118.80000305175781,126.86250305175781,4789396.0,100.21520233154297
2009-01-29,129.5,124.0250015258789,128.0124969482422,128.5,10017036.0,101.50874328613281
2009-01-30,128.75,124.57499694824219,126.25,127.9000015258789,8707524.0,101.0347900390625
2009-02-02,127.19999694824219,121.7874984741211,127.19999694824219,122.82499694824219,3234692.0,97.0257797241211
2009-02-03,127.44999694824219,123.25,123.25,124.9625015258789,3808560.0,98.71428680419922
2009-02-04,128.22500610351562,123.25,125.75,124.6624984741211,2484756.0,98.477294921875
2009-02-05,125.6500015258789,119.5625,125.0,120.7249984741211,4341548.0,95.36686706542969
2009-02-06,126.9749984741211,121.75,122.5,125.69999694824219,6840388.0,99.296875
2009-02-09,130.91250610351562,124.1624984741211,125.0,128.75,4595224.0,101.70622253417969
2009-02-10,132.0,127.75,129.25,131.14999389648438,6790772.0,103.60208129882812
2009-02-11,130.75,128.0,129.5,128.6875,4502732.0,101.65682983398438
2009-02-12,128.9250030517578,126.0250015258789,128.0,127.4749984741211,2844372.0,100.69903564453125
2009-02-13,130.0,126.75,127.5,127.80000305175781,3257208.0,100.955810546875
2009-02-16,128.7375030517578,124.5,126.9000015258789,125.1875,2501996.0,98.89202117919922
2009-02-17,124.94999694824219,120.0,124.0,121.3125,2950388.0,95.8309555053711
2009-02-18,122.7249984741211,119.25,120.3375015258789,120.1875,2629412.0,94.94227600097656
2009-02-19,123.19999694824219,119.75,120.5,122.375,3477072.0,96.6702880859375
2009-02-20,121.875,116.07499694824219,121.625,118.51249694824219,4771388.0,93.61908721923828
2009-02-24,118.92500305175781,115.125,117.5,117.2249984741211,4495532.0,92.60204315185547
2009-02-25,121.19999694824219,117.5,117.5,120.1875,5517928.0,94.94227600097656
2009-02-26,122.6500015258789,119.25,120.25,120.55000305175781,8808288.0,95.22857666015625
2009-02-27,122.25,113.8125,120.5,120.7750015258789,6750148.0,95.40637969970703
2009-03-02,120.5,113.69999694824219,118.5250015258789,114.9625015258789,3988944.0,90.81478881835938
2009-03-03,116.5,109.8375015258789,113.0,111.55000305175781,3560896.0,88.11904907226562
2009-03-04,116.11250305175781,111.55000305175781,112.0,115.13749694824219,3258300.0,90.95304107666016
2009-03-05,117.7249984741211,114.5,116.23750305175781,115.80000305175781,4284496.0,91.47637176513672
2009-03-06,121.2125015258789,114.4124984741211,115.0,120.42500305175781,5805604.0,95.12987518310547
2009-03-09,120.0,114.75,117.7750015258789,115.75,4535184.0,91.43682861328125
2009-03-12,121.25,115.4124984741211,115.4124984741211,119.3499984741211,8617456.0,94.2806625366211
2009-03-13,127.5,118.3375015258789,118.3375015258789,126.7125015258789,10199700.0,100.09666442871094
2009-03-16,130.6999969482422,125.5999984741211,127.5,129.9499969482422,4672896.0,102.65416717529297
2009-03-17,129.5,123.26249694824219,128.75,124.38749694824219,6946172.0,98.26006317138672
2009-03-18,128.625,125.0,125.0,126.2874984741211,6413800.0,99.7609634399414
2009-03-19,129.5,125.4000015258789,126.375,128.7375030517578,7382584.0,101.69636535644531
2009-03-20,132.22500610351562,126.375,132.22500610351562,127.44999694824219,4139380.0,100.6792984008789
2009-03-23,132.39999389648438,127.75,131.125,129.91250610351562,4587312.0,102.6245346069336
2009-03-24,133.125,128.0500030517578,130.5500030517578,130.41250610351562,6681544.0,103.01953887939453
2009-03-25,132.47500610351562,125.9124984741211,125.9124984741211,131.5,3831616.0,103.87858581542969
2009-03-26,144.4875030517578,128.16250610351562,128.16250610351562,139.6125030517578,15230328.0,110.28707885742188
2009-03-27,146.25,134.16250610351562,134.16250610351562,143.71249389648438,7079424.0,113.52588653564453
2009-03-30,142.5,129.5,133.4375,130.8125,5148188.0,103.33545684814453
2009-03-31,135.97500610351562,131.25,131.25,134.6374969482422,4777672.0,106.35709381103516
2009-04-01,138.4499969482422,130.125,134.0,136.125,6724568.0,107.53208923339844
2009-04-02,146.75,136.41250610351562,136.41250610351562,144.6875,8503764.0,114.29608154296875
2009-04-06,148.5,143.9250030517578,146.1999969482422,144.8874969482422,5414580.0,114.4540786743164
2009-04-08,153.4250030517578,140.25,146.27499389648438,151.03750610351562,10193512.0,119.31224822998047
2009-04-09,154.97500610351562,148.5625,153.0,150.6374969482422,6586724.0,118.9963150024414
2009-04-13,152.25,143.8000030517578,151.125,148.0625,4121008.0,116.96217346191406
2009-04-15,145.4499969482422,137.5124969482422,137.8874969482422,144.4250030517578,9767236.0,114.08869934082031
2009-04-16,147.25,141.8000030517578,145.0,143.0124969482422,8868964.0,112.97289276123047
2009-04-17,149.875,141.27499389648438,144.1999969482422,143.27499389648438,6664024.0,113.18025207519531
2009-04-20,145.4499969482422,138.1875,138.1875,140.35000610351562,5330200.0,110.86969757080078
2009-04-21,147.125,136.25,144.89999389648438,137.6875,11488980.0,108.76641845703125
2009-04-22,141.14999389648438,134.28750610351562,140.0,135.7375030517578,6584924.0,107.22603607177734
2009-04-23,143.21249389648438,136.3000030517578,137.375,142.02499389648438,7373712.0,112.19280242919922
2009-04-24,146.75,139.9875030517578,139.9875030517578,145.97500610351562,5377524.0,115.31317138671875
2009-04-27,152.1999969482422,143.125,145.96249389648438,150.47500610351562,8141124.0,118.86792755126953
2009-04-28,151.96249389648438,144.08749389648438,149.77499389648438,149.625,8388692.0,118.19642639160156
2009-04-29,157.25,150.5,150.5,155.89999389648438,10531292.0,123.1534194946289
2009-04-30,155.52499389648438,155.52499389648438,155.52499389648438,155.52499389648438,0.0,122.85717010498047
2009-05-04,174.89999389648438,157.53750610351562,157.75,166.60000610351562,11142936.0,131.6059112548828
2009-05-05,168.7375030517578,159.02499389648438,167.25,162.75,8822316.0,128.5645294189453
2009-05-06,162.4250030517578,153.75,159.5625,158.83749389648438,52522096.0,125.47388458251953
2009-05-07,161.25,154.8249969482422,159.0,157.9250030517578,7738864.0,124.75306701660156
2009-05-08,160.5,154.625,157.0,157.7375030517578,9001752.0,124.6049575805664
2009-05-11,159.91250610351562,152.25,159.625,153.8125,5298612.0,121.50442504882812
2009-05-12,161.4499969482422,152.5,152.5,160.27499389648438,9487452.0,126.60940551757812
2009-05-13,161.22500610351562,153.75,160.5,155.4250030517578,7324800.0,122.77815246582031
2009-05-14,156.75,151.3249969482422,154.5,154.9499969482422,9443176.0,122.40292358398438
2009-05-15,163.71249389648438,156.0,156.0,161.0124969482422,10942472.0,127.19202423095703
2009-05-18,197.89999389648438,173.75,191.64999389648438,185.96249389648438,73380.0,146.90130615234375
2009-05-19,187.5,163.89999389648438,187.5,167.4375,13015576.0,132.2675018310547
2009-05-20,175.4875030517578,165.75,167.5,169.16250610351562,8507664.0,133.63014221191406
2009-05-21,171.25,161.0,167.5,161.8625030517578,4459324.0,127.863525390625
2009-05-22,161.25,157.5,157.5,158.5124969482422,5861456.0,125.2171630859375
2009-05-25,161.0,155.66250610351562,159.0,157.83749389648438,5673644.0,124.68395233154297
2009-05-26,159.91250610351562,155.125,158.7375030517578,156.1125030517578,6058900.0,123.32128143310547
2009-05-27,163.0,157.6999969482422,157.6999969482422,162.1374969482422,9222868.0,128.0807342529297
2009-05-28,168.47500610351562,155.85000610351562,155.85000610351562,165.8000030517578,16863676.0,130.97396850585938
2009-05-29,177.5,163.16250610351562,167.1875,176.14999389648438,13871224.0,139.14990234375
2009-06-01,177.46249389648438,168.33749389648438,168.33749389648438,174.41250610351562,7905804.0,137.77737426757812
2009-06-02,177.5,172.5,175.0,173.6875,4118172.0,137.2046661376953
2009-06-03,176.1875,170.77499389648438,172.5,174.21249389648438,3914944.0,137.6194305419922
2009-06-04,177.25,171.58749389648438,171.75,176.8000030517578,7020704.0,139.6633758544922
2009-06-05,182.1750030517578,174.08749389648438,177.25,180.33749389648438,13220132.0,142.4579315185547
2009-06-08,187.4375,180.0,181.1750030517578,185.52499389648438,9267824.0,146.55569458007812
2009-06-09,198.75,182.77499389648438,182.77499389648438,195.53750610351562,9690708.0,154.465087890625
2009-06-10,201.25,191.8125,196.25,195.4499969482422,9383796.0,154.39598083496094
2009-06-11,198.1125030517578,192.5,197.0,193.77499389648438,3883200.0,153.07284545898438
2009-06-12,198.6999969482422,190.3000030517578,196.25,191.1374969482422,6358660.0,150.98928833007812
2009-06-15,196.25,188.75,191.1750030517578,194.5,6595868.0,153.64553833007812
2009-06-16,196.75,185.60000610351562,191.64999389648438,194.5749969482422,4344006.0,154.69898986816406
2009-06-17,197.5,187.5,196.0,189.375,3741568.0,150.56468200683594
2009-06-18,196.5,186.02499389648438,189.0,188.1999969482422,4753108.0,149.63046264648438
2009-06-19,196.0,187.5,188.5,189.89999389648438,7727732.0,150.98207092285156
2009-06-22,193.89999389648438,184.0,192.1999969482422,184.8249969482422,4106208.0,146.9471435546875
2009-06-23,188.875,179.0,180.0,183.3249969482422,5135694.0,145.7545623779297
2009-06-24,194.25,180.10000610351562,186.47500610351562,190.875,7303954.0,151.7572479248047
2009-06-25,196.0,185.14999389648438,191.0,190.25,9694662.0,151.26031494140625
2009-06-26,202.1999969482422,188.27499389648438,191.25,198.6999969482422,6099700.0,157.9786376953125
2009-06-29,201.0,191.6750030517578,199.9250030517578,193.10000610351562,4745206.0,153.52626037597656
2009-06-30,199.0,191.5749969482422,193.75,194.9250030517578,5923948.0,154.97727966308594
2009-07-01,197.5,191.22500610351562,193.5500030517578,196.47500610351562,3684738.0,156.20960998535156
2009-07-02,197.64999389648438,190.60000610351562,195.0,195.0,3715428.0,155.03688049316406
2009-07-03,196.1999969482422,192.5,192.5,195.47500610351562,2919844.0,155.41453552246094
2009-07-06,199.22500610351562,189.1750030517578,198.5,190.35000610351562,4488916.0,151.33987426757812
2009-07-07,196.625,190.0,192.0,194.5749969482422,3804568.0,154.69898986816406
2009-07-08,194.4499969482422,184.125,194.35000610351562,190.5749969482422,6694766.0,151.5187225341797
2009-07-09,195.5500030517578,185.5,191.0500030517578,194.0749969482422,3964808.0,154.30145263671875
2009-07-10,200.72500610351562,195.0,195.5,197.5749969482422,7468748.0,157.0841827392578
2009-07-13,200.5,194.125,195.0,198.75,5119832.0,158.0183563232422
2009-07-14,205.5500030517578,200.1999969482422,202.5,203.47500610351562,4464136.0,161.77505493164062
2009-07-15,213.64999389648438,205.0,205.4499969482422,211.5749969482422,4470094.0,168.21502685546875
2009-07-16,217.39999389648438,206.60000610351562,214.0,209.89999389648438,7596876.0,166.88328552246094
2009-07-17,222.875,210.5,210.6999969482422,217.0500030517578,9094956.0,172.5679473876953
2009-07-20,257.45001220703125,222.5,222.5,250.27499389648438,34539536.0,198.98385620117188
2009-07-21,256.57501220703125,237.02499389648438,251.5,238.8000030517578,13005820.0,189.86056518554688
2009-07-22,242.5,226.14999389648438,241.85000610351562,233.14999389648438,10674690.0,185.3684539794922
2009-07-23,241.4499969482422,235.0,235.5,237.8249969482422,7662678.0,189.08534240722656
2009-07-24,245.0,238.0,245.0,242.27499389648438,7909322.0,192.62339782714844
2009-07-27,244.47500610351562,238.5500030517578,241.0,240.14999389648438,4652338.0,191.72520446777344
2009-07-28,242.47500610351562,235.64999389648438,242.1750030517578,240.3249969482422,6334984.0,191.86492919921875
2009-07-29,252.35000610351562,237.5,240.0,249.89999389648438,11072150.0,199.50924682617188
2009-07-30,272.5,245.125,252.625,266.54998779296875,15672482.0,212.80189514160156
2009-07-31,270.0,260.70001220703125,269.5,262.9750061035156,5634966.0,209.94772338867188
2009-08-03,267.42498779296875,260.54998779296875,265.0,265.82501220703125,3520548.0,212.22303771972656
2009-08-04,270.6000061035156,260.25,260.25,265.07501220703125,5481292.0,211.62425231933594
2009-08-05,268.4750061035156,253.77499389648438,264.75,264.5,6424010.0,211.16525268554688
2009-08-06,267.20001220703125,257.1000061035156,264.5,258.70001220703125,4178748.0,206.53477478027344
2009-08-07,260.9750061035156,253.0500030517578,258.29998779296875,254.5500030517578,4552666.0,203.22158813476562
2009-08-10,275.875,257.0,257.57501220703125,269.5249938964844,10623976.0,215.17691040039062
2009-08-11,279.0,267.04998779296875,268.75,270.95001220703125,8843480.0,216.31460571289062
2009-08-12,268.0,255.5,267.5,259.82501220703125,11326536.0,207.43289184570312
2009-08-13,267.20001220703125,259.79998779296875,267.20001220703125,263.375,10033928.0,210.26710510253906
2009-08-14,265.0,259.0,265.0,260.75,5151814.0,208.17137145996094
2009-08-17,258.75,252.625,258.3999938964844,255.0749969482422,5962820.0,203.64076232910156
2009-08-18,257.42498779296875,249.75,252.5,254.4250030517578,8149844.0,203.12179565429688
2009-08-19,257.3500061035156,247.0,256.3999938964844,249.02499389648438,5603370.0,198.81063842773438
2009-08-20,254.1999969482422,249.0500030517578,252.4499969482422,250.5,3660960.0,199.98825073242188
2009-08-21,256.25,247.5,251.0,254.625,6929022.0,203.28146362304688
2009-08-24,262.92498779296875,256.7749938964844,257.9750061035156,260.7749938964844,4207204.0,208.19134521484375
2009-08-25,265.5,257.04998779296875,259.0,264.1499938964844,5529298.0,210.88580322265625
2009-08-26,277.5,263.2749938964844,263.3500061035156,274.25,8852624.0,218.9491729736328
2009-08-27,283.0,270.5,275.0,273.875,10230928.0,218.6497802734375
2009-08-28,275.0,265.54998779296875,272.875,270.3999938964844,4563136.0,215.87548828125
2009-08-31,266.8999938964844,260.6499938964844,265.5,263.5249938964844,7170352.0,210.38681030273438
2009-09-01,268.17498779296875,259.54998779296875,267.5,263.45001220703125,9862194.0,210.32699584960938
2009-09-02,271.45001220703125,260.5,260.5,267.29998779296875,8161418.0,213.4005584716797
2009-09-03,272.20001220703125,265.2250061035156,269.95001220703125,266.82501220703125,7796744.0,213.02139282226562
2009-09-04,272.0,263.6000061035156,270.0,265.95001220703125,6263446.0,212.3228302001953
2009-09-07,276.7749938964844,266.79998779296875,267.8999938964844,275.4750061035156,5925720.0,219.92724609375
2009-09-08,285.25,274.82501220703125,275.95001220703125,277.32501220703125,9892042.0,221.4041748046875
2009-09-09,282.3999938964844,271.57501220703125,278.0,280.2250061035156,7532186.0,223.71929931640625
2009-09-10,284.5,276.0249938964844,282.0,278.2749938964844,4898914.0,222.1625518798828
2009-09-11,284.5,277.75,280.5,280.17498779296875,9130296.0,223.6794891357422
2009-09-14,281.95001220703125,266.82501220703125,266.82501220703125,279.54998779296875,3200972.0,223.18048095703125
2009-09-15,287.8500061035156,281.0,282.0,285.95001220703125,4308186.0,228.2899169921875
2009-09-16,289.9750061035156,282.6000061035156,289.5,285.25,5816522.0,227.73118591308594
2009-09-17,294.0,286.5,287.5,291.4750061035156,5283220.0,232.700927734375
2009-09-18,295.0,289.5,292.5,292.0,3925348.0,233.1200714111328
2009-09-22,303.0,291.125,294.9750061035156,301.32501220703125,3763280.0,240.56468200683594
2009-09-23,305.82501220703125,293.625,304.0,295.45001220703125,4522410.0,235.8743896484375
2009-09-24,304.6499938964844,291.0,294.0,301.2749938964844,6803348.0,240.52479553222656
2009-09-25,299.0,277.5,277.5,293.70001220703125,3068206.0,234.47720336914062
2009-09-29,307.2250061035156,295.5,297.4750061035156,305.20001220703125,7146124.0,243.6582794189453
2009-09-30,311.3999938964844,306.1000061035156,307.4750061035156,310.5,4373424.0,247.8895263671875
2009-10-01,324.95001220703125,307.5249938964844,309.0,314.92498779296875,5686944.0,251.42236328125
2009-10-05,319.5,305.5,309.3500061035156,307.6499938964844,6259596.0,245.6142578125
2009-10-06,314.20001220703125,302.5,312.4750061035156,307.1000061035156,7448054.0,245.1751251220703
2009-10-07,309.45001220703125,294.32501220703125,309.45001220703125,295.8500061035156,10075972.0,236.19371032714844
2009-10-08,299.375,284.25,297.5,285.70001220703125,10162172.0,228.0903778076172
2009-10-09,295.20001220703125,278.32501220703125,287.5249938964844,280.875,10032478.0,224.23831176757812
2009-10-12,292.125,281.7749938964844,283.5,289.92498779296875,5174220.0,231.46337890625
2009-10-13,290.5,290.5,290.5,290.5,0.0,231.9224853515625
2009-10-14,299.0,290.3500061035156,292.4750061035156,296.4750061035156,3979580.0,236.6926727294922
2009-10-15,298.95001220703125,287.5,297.0,290.8999938964844,4232380.0,232.24176025390625
2009-10-16,302.20001220703125,283.0,283.0,299.1499938964844,7189942.0,238.8282928466797
2009-10-20,312.8999938964844,306.0249938964844,307.0,310.5249938964844,7840584.0,247.90953063964844
2009-10-21,319.70001220703125,309.0,310.0,316.3999938964844,5731638.0,252.5999755859375
2009-10-22,321.9750061035156,307.67498779296875,316.0,312.92498779296875,4292924.0,249.8256378173828
2009-10-23,322.95001220703125,314.79998779296875,315.04998779296875,319.8999938964844,7494460.0,255.39410400390625
2009-10-26,328.82501220703125,317.5,321.5,322.2749938964844,4071746.0,257.2902526855469
2009-10-27,328.95001220703125,317.2749938964844,328.95001220703125,321.375,3940880.0,256.5718078613281
2009-10-28,324.45001220703125,317.5,321.20001220703125,321.42498779296875,3582314.0,257.4126281738281
2009-10-29,322.75,315.6000061035156,318.0,317.0249938964844,4882712.0,253.8889617919922
2009-10-30,324.375,310.0,321.0,314.1499938964844,2876124.0,251.58644104003906
2009-11-03,318.0,300.5,318.0,303.0249938964844,2768288.0,242.67698669433594
2009-11-04,314.0,305.0,305.54998779296875,312.8500061035156,4555798.0,250.54544067382812
2009-11-05,315.0,302.79998779296875,315.0,312.25,2731302.0,250.06483459472656
2009-11-06,317.4750061035156,306.82501220703125,310.0,311.07501220703125,4179484.0,249.1238250732422
2009-11-09,314.0,307.5,312.5,311.375,3432086.0,249.36410522460938
2009-11-10,314.5,310.0,313.0,313.32501220703125,4610406.0,250.92578125
2009-11-11,323.5,309.25,313.5249938964844,322.625,4049412.0,258.3736572265625
2009-11-12,330.75,321.7749938964844,322.5,327.67498779296875,4727766.0,262.4178161621094
2009-11-13,337.45001220703125,323.7749938964844,327.4750061035156,335.07501220703125,4597896.0,268.3441467285156
2009-11-16,338.5,330.0,335.0,332.875,3523808.0,266.5823059082031
2009-11-17,346.45001220703125,329.6499938964844,334.0,345.2250061035156,5344330.0,276.47283935546875
2009-11-18,352.8500061035156,341.75,345.5,343.45001220703125,5582914.0,275.0513610839844
2009-11-19,346.20001220703125,334.75,344.95001220703125,339.95001220703125,3464664.0,272.2483215332031
2009-11-20,348.0,335.04998779296875,339.0,346.57501220703125,2800774.0,277.5539855957031
2009-11-23,350.0,343.0,347.5,347.04998779296875,2543474.0,277.934326171875
2009-11-24,352.0,341.0,352.0,349.5249938964844,2721872.0,279.9163513183594
2009-11-25,355.82501220703125,346.0,349.5249938964844,351.3999938964844,3893254.0,281.41796875
2009-11-26,353.67498779296875,342.5,352.4750061035156,343.95001220703125,4409118.0,275.45172119140625
2009-11-27,343.20001220703125,327.5,338.2749938964844,335.2250061035156,3769058.0,268.46435546875
2009-11-30,346.4750061035156,337.0,337.0,344.20001220703125,3882888.0,275.6519470214844
2009-12-01,351.70001220703125,340.125,351.70001220703125,342.875,3229964.0,274.59075927734375
2009-12-02,347.4750061035156,338.5249938964844,347.4750061035156,342.1499938964844,2161954.0,274.0101013183594
2009-12-03,347.95001220703125,339.625,343.875,345.0249938964844,2978706.0,276.3125305175781
2009-12-04,350.5,340.5,340.5,347.6000061035156,3933408.0,278.37481689453125
2009-12-07,352.95001220703125,347.5,349.0,349.70001220703125,2207652.0,280.056640625
2009-12-08,350.42498779296875,345.125,349.92498779296875,349.1499938964844,4226172.0,279.6160888671875
2009-12-09,355.45001220703125,346.6000061035156,349.0,353.3500061035156,4708848.0,282.97979736328125
2009-12-10,355.0,350.9750061035156,352.5,352.82501220703125,1659484.0,282.5591735839844
2009-12-11,357.20001220703125,350.0,353.57501220703125,353.04998779296875,2688312.0,282.7394104003906
2009-12-14,355.9750061035156,350.42498779296875,350.5,352.54998779296875,3008842.0,282.3389892578125
2009-12-15,356.0,348.6000061035156,354.0,350.4750061035156,2087152.0,280.67724609375
2009-12-16,358.875,347.5,350.8500061035156,356.57501220703125,3565378.0,285.5625
2009-12-17,364.0,357.5,359.0,361.375,3782302.0,289.40655517578125
2009-12-18,365.75,359.7749938964844,361.375,363.75,2795290.0,291.3084716796875
2009-12-21,374.5,363.25,365.04998779296875,367.0249938964844,9326994.0,293.93133544921875
2009-12-22,371.25,359.6000061035156,370.0,362.0249938964844,3189142.0,289.92706298828125
2010-01-04,379.45001220703125,374.5249938964844,377.3999938964844,375.82501220703125,1963682.0,300.9787902832031
2010-01-05,379.7749938964844,373.2749938964844,377.5,375.92498779296875,2014488.0,301.058837890625
2010-01-06,376.1000061035156,366.5,375.92498779296875,367.42498779296875,3349176.0,294.2515869140625
2010-01-07,369.70001220703125,355.5,367.75,357.20001220703125,6474892.0,286.06298828125
2010-01-08,359.25,348.25,358.0,349.8999938964844,6048178.0,280.2166748046875
2010-01-11,360.04998779296875,350.20001220703125,352.0,357.1000061035156,4318408.0,285.9827880859375
2010-01-12,377.0,363.5,366.0,375.0249938964844,9027690.0,300.338134765625
2010-01-13,398.20001220703125,372.32501220703125,372.5,394.2749938964844,10910272.0,315.7543640136719
2010-01-14,399.2250061035156,384.67498779296875,399.2250061035156,389.92498779296875,10327614.0,312.2706298828125
2010-01-15,399.79998779296875,386.125,398.0,395.70001220703125,7945008.0,316.89556884765625
2010-01-18,414.5,396.5,400.0,401.1000061035156,7261084.0,321.22015380859375
2010-01-19,401.1000061035156,389.32501220703125,401.1000061035156,390.3500061035156,5154850.0,312.61102294921875
2010-01-20,396.1000061035156,385.45001220703125,396.1000061035156,389.70001220703125,4347054.0,312.0906066894531
2010-01-21,395.9750061035156,383.95001220703125,386.125,385.32501220703125,5089504.0,308.5867614746094
2010-01-22,382.5,372.3500061035156,380.5,378.92498779296875,7574990.0,303.4613037109375
2010-01-25,382.75,370.57501220703125,378.75,378.1000061035156,3008286.0,302.80072021484375
2010-01-27,379.8500061035156,370.07501220703125,375.0,371.6499938964844,4844398.0,298.4245300292969
2010-01-28,378.9750061035156,363.8500061035156,374.75,370.875,6537196.0,297.80218505859375
2010-01-29,369.8999938964844,356.07501220703125,367.0,368.1000061035156,5473326.0,295.5739440917969
2010-02-01,381.3999938964844,360.0,367.17498779296875,373.07501220703125,3378012.0,299.5687255859375
2010-02-02,381.32501220703125,367.5,377.5,369.20001220703125,4739188.0,296.4571228027344
2010-02-03,378.45001220703125,367.75,372.0,376.4750061035156,2977676.0,302.298828125
2010-02-04,376.95001220703125,366.25,376.4750061035156,369.3500061035156,2716612.0,296.5776672363281
2010-02-05,367.5,358.29998779296875,367.5,361.75,4607118.0,290.4750671386719
2010-02-08,367.375,354.07501220703125,364.5,362.07501220703125,4170344.0,290.7359619140625
2010-02-09,370.9750061035156,360.5249938964844,362.5,367.57501220703125,3005894.0,295.15240478515625
2010-02-10,371.8500061035156,364.04998779296875,369.95001220703125,366.1499938964844,2337374.0,294.008056640625
2010-02-11,373.9750061035156,367.5,368.9750061035156,371.3500061035156,2413156.0,298.1835632324219
2010-02-15,375.0,369.2749938964844,375.0,373.07501220703125,1956482.0,299.5687255859375
2010-02-16,382.4750061035156,371.1000061035156,373.625,379.07501220703125,1660490.0,304.3865661621094
2010-02-17,383.9750061035156,376.2749938964844,382.45001220703125,379.32501220703125,2528290.0,304.58734130859375
2010-02-18,383.4750061035156,377.75,380.0,379.3999938964844,1814806.0,304.64752197265625
2010-02-19,379.75,372.8999938964844,377.45001220703125,375.2749938964844,2215880.0,301.33526611328125
2010-02-22,381.8500061035156,376.8999938964844,378.5,378.625,2143460.0,304.02520751953125
2010-02-23,382.5,375.625,379.5,381.04998779296875,1853052.0,305.9725341796875
2010-02-24,385.3500061035156,376.04998779296875,378.0,382.67498779296875,4076058.0,307.2771911621094
2010-02-25,384.8999938964844,380.625,384.8999938964844,383.125,2672984.0,307.6385803222656
2010-02-26,389.2749938964844,373.07501220703125,383.54998779296875,380.8999938964844,3015934.0,305.8519287109375
2010-03-02,384.5,377.5,381.0,381.6000061035156,4053352.0,306.4140930175781
2010-03-03,387.0,382.07501220703125,384.5,384.375,2754742.0,308.64227294921875
2010-03-04,385.0,378.5,384.0,381.95001220703125,2053606.0,306.6951904296875
2010-03-05,383.4750061035156,380.07501220703125,382.5,381.29998779296875,1287312.0,306.17315673828125
2010-03-08,385.0,380.1499938964844,383.79998779296875,381.3500061035156,3015740.0,306.21331787109375
2010-03-09,389.25,381.5,381.5,384.3500061035156,3457732.0,308.62225341796875
2010-03-10,392.2250061035156,380.0,381.8500061035156,390.0249938964844,4587874.0,313.17913818359375
2010-03-11,397.45001220703125,385.9750061035156,390.0249938964844,395.79998779296875,3214030.0,317.81622314453125
2010-03-12,400.0,396.0,400.0,398.4750061035156,2510976.0,319.9642028808594
2010-03-15,410.0,395.57501220703125,398.4750061035156,409.0,6054434.0,328.41546630859375
2010-03-16,415.9750061035156,407.8999938964844,410.75,414.5,3088856.0,332.8318786621094
2010-03-17,422.95001220703125,415.0,417.0,420.3500061035156,4174794.0,337.5292663574219
2010-03-18,422.5,410.25,422.5,412.92498779296875,3724554.0,331.56707763671875
2010-03-19,417.2250061035156,402.625,402.625,410.45001220703125,4716624.0,329.5797119140625
2010-03-22,416.8999938964844,403.07501220703125,407.45001220703125,413.79998779296875,3310110.0,332.2697448730469
2010-03-23,416.5,411.04998779296875,415.0,414.32501220703125,1694964.0,332.69140625
2010-03-25,418.3999938964844,409.0,412.04998779296875,414.8999938964844,5517582.0,333.15301513671875
2010-03-26,418.0,411.1499938964844,415.0,412.5249938964844,1997806.0,331.2459716796875
2010-03-29,414.6499938964844,404.2749938964844,412.0,405.9750061035156,3443266.0,325.98651123046875
2010-03-30,408.04998779296875,398.57501220703125,404.29998779296875,400.0,3097160.0,321.18878173828125
2010-03-31,403.625,388.6499938964844,400.0,390.32501220703125,7083046.0,313.4199523925781
2010-04-01,404.8999938964844,391.04998779296875,393.17498779296875,403.8999938964844,5781432.0,324.32025146484375
2010-04-05,408.5,399.625,408.5,401.67498779296875,3001836.0,322.53369140625
2010-04-06,404.45001220703125,396.07501220703125,404.45001220703125,398.0249938964844,3702366.0,319.6029357910156
2010-04-07,404.5,390.57501220703125,395.0,399.0249938964844,3024558.0,320.4057312011719
2010-04-08,403.75,395.0,398.0,399.7250061035156,4494438.0,320.9678955078125
2010-04-09,403.95001220703125,394.125,401.0,395.79998779296875,3018012.0,317.81622314453125
2010-04-12,400.0,395.04998779296875,395.5,399.04998779296875,2869882.0,320.4259338378906
2010-04-13,411.8999938964844,393.625,400.0,410.42498779296875,8404916.0,329.5596008300781
2010-04-15,417.45001220703125,409.5249938964844,411.0,410.8500061035156,4290952.0,329.9010009765625
2010-04-16,414.0,405.92498779296875,409.5,407.54998779296875,3810958.0,327.25103759765625
2010-04-19,412.5,400.375,405.0,405.9750061035156,6947704.0,325.98651123046875
2010-04-20,416.32501220703125,393.5,412.5,394.75,12016986.0,316.9730529785156
2010-04-21,399.5,390.125,397.5,392.5,7107490.0,315.1664123535156
2010-04-22,396.82501220703125,390.5,394.54998779296875,392.9750061035156,4751116.0,315.5478820800781
2010-04-23,396.0,388.75,394.0249938964844,390.1000061035156,4306068.0,313.2392272949219
2010-04-26,395.5,390.1000061035156,393.0,392.54998779296875,2512548.0,315.2066345214844
2010-04-27,394.95001220703125,390.5249938964844,392.9750061035156,393.6499938964844,2621234.0,316.0899353027344
2010-04-28,391.9750061035156,382.5,390.0,385.1499938964844,2400382.0,309.2645568847656
2010-04-29,387.625,377.79998779296875,387.54998779296875,379.875,4622964.0,305.02886962890625
2010-04-30,386.3999938964844,381.2749938964844,382.5,382.70001220703125,3690224.0,307.2973327636719
2010-05-03,385.70001220703125,377.04998779296875,380.625,383.3999938964844,2416560.0,307.859375
2010-05-04,387.42498779296875,378.3999938964844,387.42498779296875,380.5,2896028.0,305.5307312011719
2010-05-05,384.0,370.07501220703125,375.0,382.875,4371230.0,307.43780517578125
2010-05-06,385.45001220703125,379.6000061035156,383.9750061035156,383.54998779296875,2580872.0,307.9798889160156
2010-05-07,381.29998779296875,367.5,378.5,370.70001220703125,4267152.0,297.6616516113281
2010-05-10,421.5,372.5,380.0,385.125,2327814.0,309.24444580078125
2010-05-11,389.5,376.95001220703125,387.5,378.1499938964844,1351288.0,303.64385986328125
2010-05-12,383.9750061035156,375.54998779296875,378.5,379.7250061035156,2740076.0,304.9085388183594
2010-05-13,386.6000061035156,380.7250061035156,382.54998779296875,382.79998779296875,1321452.0,307.37762451171875
2010-05-14,388.5,377.5,383.0,381.92498779296875,2026996.0,306.6750793457031
2010-05-17,387.4750061035156,367.04998779296875,387.4750061035156,372.875,3722050.0,299.4081726074219
2010-05-18,373.0,363.1499938964844,373.0,367.54998779296875,3199180.0,295.1321105957031
2010-05-19,366.5,358.1499938964844,365.0,360.75,3929266.0,289.672119140625
2010-05-20,366.1499938964844,358.07501220703125,364.5,365.0,2398092.0,293.0846252441406
2010-05-21,362.95001220703125,342.625,355.0,359.3500061035156,2675092.0,288.5479431152344
2010-05-24,365.0,356.3500061035156,362.5,358.79998779296875,2885428.0,288.1062927246094
2010-05-25,357.0,345.7749938964844,354.0,349.7749938964844,2297366.0,280.8594970703125
2010-05-26,372.3999938964844,352.04998779296875,354.0,369.0,3689464.0,296.2966003417969
2010-05-27,374.9750061035156,363.6000061035156,367.5,370.92498779296875,6883872.0,297.8423156738281
2010-05-28,376.75,367.75,374.8999938964844,375.3999938964844,2479374.0,301.4356384277344
2010-05-31,376.45001220703125,369.0,374.25,371.5249938964844,3327660.0,298.3240966796875
2010-06-01,375.9750061035156,367.3500061035156,371.5249938964844,369.6000061035156,3136912.0,296.7784423828125
2010-06-02,379.75,368.1499938964844,368.8999938964844,377.125,2769330.0,302.8207702636719
2010-06-03,384.5,372.54998779296875,380.0,382.7250061035156,1684434.0,307.3173828125
2010-06-04,384.8500061035156,377.6000061035156,382.7250061035156,382.67498779296875,1368210.0,307.2771911621094
2010-06-07,378.8999938964844,368.0,374.95001220703125,376.625,1734922.0,302.4192810058594
2010-06-08,381.0,373.5,377.0,375.1000061035156,2242222.0,301.1946716308594
2010-06-09,379.2749938964844,365.5,376.0,366.5249938964844,4867400.0,294.3092041015625
2010-06-10,376.5,365.0,365.0,375.25,1796036.0,301.3152160644531
2010-06-11,381.6499938964844,375.5,380.8999938964844,379.54998779296875,3237024.0,304.7678527832031
2010-06-14,393.54998779296875,379.0,381.67498779296875,390.5,3550492.0,313.56048583984375
2010-06-15,388.8500061035156,378.32501220703125,378.32501220703125,383.04998779296875,2642976.0,311.5677795410156
2010-06-16,389.9750061035156,383.6499938964844,388.54998779296875,387.3999938964844,2328816.0,315.1059265136719
2010-06-17,392.3999938964844,381.8500061035156,388.5,387.6499938964844,1528920.0,315.3092346191406
2010-06-18,394.45001220703125,386.125,387.6499938964844,391.6000061035156,2225672.0,318.5220947265625
2010-06-21,397.0,392.29998779296875,396.45001220703125,393.8500061035156,1907428.0,320.352294921875
2010-06-22,393.25,386.6499938964844,392.5,389.32501220703125,1468324.0,316.67169189453125
2010-06-23,394.4750061035156,384.92498779296875,385.0,393.1499938964844,2959524.0,319.7828674316406
2010-06-24,394.25,383.8500061035156,393.1499938964844,386.7250061035156,3777510.0,314.55682373046875
2010-06-25,387.8999938964844,378.04998779296875,387.8999938964844,379.25,2037322.0,308.47686767578125
2010-06-28,383.57501220703125,378.79998779296875,379.2250061035156,382.375,1153124.0,311.0186462402344
2010-06-29,382.5,374.5,382.5,376.8999938964844,2614662.0,306.5653381347656
2010-06-30,379.95001220703125,370.625,377.5,375.5,3316516.0,305.4266052246094
2010-07-01,375.0,362.875,375.0,366.0,3407744.0,297.69940185546875
2010-07-02,373.0,365.42498779296875,367.3999938964844,371.8999938964844,2943550.0,302.49847412109375
2010-07-05,374.45001220703125,368.54998779296875,374.3999938964844,369.5,2165596.0,300.54632568359375
2010-07-06,380.95001220703125,367.92498779296875,368.25,379.57501220703125,2760904.0,308.7413024902344
2010-07-07,383.70001220703125,374.4750061035156,380.70001220703125,382.29998779296875,2152934.0,310.9576416015625
2010-07-08,389.5,384.82501220703125,386.0,388.3999938964844,2187564.0,315.9192810058594
2010-07-09,392.0,385.375,390.0,387.2250061035156,1836666.0,314.9635925292969
2010-07-12,397.0,389.8999938964844,389.8999938964844,395.8500061035156,2725776.0,321.9790954589844
2010-07-13,396.0,384.7749938964844,396.0,387.32501220703125,5545886.0,315.0449523925781
2010-07-14,392.3500061035156,385.125,389.0,387.32501220703125,2833842.0,315.0449523925781
2010-07-15,392.45001220703125,382.625,385.5,391.04998779296875,3795536.0,318.07470703125
2010-07-16,419.25,397.5,397.5,416.82501220703125,19135452.0,339.0397644042969
2010-07-19,417.3500061035156,411.625,415.7250061035156,413.3500061035156,3027924.0,336.21331787109375
2010-07-20,417.2749938964844,412.5,413.3500061035156,413.625,2342062.0,336.43707275390625
2010-07-21,422.3999938964844,414.79998779296875,416.0,421.5,2943720.0,342.8424377441406
2010-07-22,423.0,416.25,421.5,421.8500061035156,1362882.0,343.12701416015625
2010-07-23,425.0,417.54998779296875,425.0,419.6499938964844,1894472.0,341.3376159667969
2010-07-26,425.79998779296875,420.20001220703125,421.20001220703125,424.625,2766490.0,345.38427734375
2010-07-27,429.8999938964844,423.1000061035156,427.5,424.57501220703125,2106602.0,345.3434753417969
2010-07-28,428.9750061035156,423.5,425.5,427.2250061035156,4359228.0,347.49908447265625
2010-07-29,427.5,424.5,427.5,425.0,5331904.0,346.5002136230469
2010-07-30,425.0,417.5,424.5,419.8999938964844,1283426.0,342.3423156738281
2010-08-02,424.2250061035156,418.5,421.5,419.1499938964844,2827762.0,341.7308654785156
2010-08-03,422.25,414.2749938964844,420.5,416.0249938964844,1281552.0,339.1829528808594
2010-08-04,436.0,417.92498779296875,418.0,434.3999938964844,5583934.0,354.1640625
2010-08-05,441.20001220703125,432.82501220703125,436.0,438.92498779296875,2912950.0,357.85333251953125
2010-08-06,441.75,430.32501220703125,440.0,432.3500061035156,2437734.0,352.4928283691406
2010-08-09,441.8500061035156,423.04998779296875,430.57501220703125,439.92498779296875,4259986.0,358.66851806640625
2010-08-10,442.5,430.70001220703125,442.5,432.25,1545194.0,352.4112243652344
2010-08-11,436.5,427.3999938964844,431.0,429.07501220703125,4020248.0,349.8226318359375
2010-08-12,428.45001220703125,423.1000061035156,428.45001220703125,426.7250061035156,2278092.0,347.90673828125
2010-08-13,431.45001220703125,419.0,428.5,427.20001220703125,2589906.0,348.2939147949219
2010-08-16,431.2749938964844,424.3999938964844,428.5,427.04998779296875,1319098.0,348.1715393066406
2010-08-17,430.5,422.0,425.04998779296875,425.1000061035156,1733196.0,346.58184814453125
2010-08-18,437.8999938964844,425.0,426.5,435.54998779296875,2888916.0,355.1017150878906
2010-08-19,440.45001220703125,433.6499938964844,437.0,436.0249938964844,2148534.0,355.4889221191406
2010-08-20,439.95001220703125,431.5,434.5,434.4750061035156,1746396.0,354.2252197265625
2010-08-23,437.7250061035156,428.5249938964844,430.0,435.20001220703125,1049830.0,354.81634521484375
2010-08-24,440.95001220703125,432.5,435.0,435.3500061035156,2650474.0,354.9386291503906
2010-08-25,440.75,433.1499938964844,436.0,435.6000061035156,2379968.0,355.1424255371094
2010-08-26,439.5,430.125,437.0,438.25,4204428.0,357.3031005859375
2010-08-27,436.5,425.5,436.04998779296875,428.0249938964844,1276514.0,348.96661376953125
2010-08-30,431.3999938964844,420.04998779296875,431.3999938964844,422.82501220703125,1558570.0,344.7270202636719
2010-08-31,423.8500061035156,415.1000061035156,420.0,421.875,2447874.0,343.9525146484375
2010-09-01,430.5,420.0,421.0,429.20001220703125,2745484.0,349.9245910644531
2010-09-02,433.75,420.75,433.75,422.04998779296875,2758800.0,344.09521484375
2010-09-03,425.75,417.54998779296875,425.0,418.6499938964844,2777970.0,341.3231201171875
2010-09-06,428.75,419.0,419.0,427.67498779296875,2287978.0,348.68121337890625
2010-09-07,437.45001220703125,428.0,429.0,435.67498779296875,2484236.0,355.2035827636719
2010-09-08,441.45001220703125,429.45001220703125,432.0,439.5249938964844,4189478.0,358.3424072265625
2010-09-09,441.25,435.67498779296875,441.0,437.3500061035156,2938158.0,356.56927490234375
2010-09-13,444.5,435.3500061035156,435.67498779296875,439.875,2349410.0,358.6278381347656
2010-09-14,449.5,440.1499938964844,441.5,447.67498779296875,3071038.0,364.9869689941406
2010-09-15,459.70001220703125,449.5,450.0,457.3999938964844,5560394.0,372.9157409667969
2010-09-16,456.7250061035156,432.25,454.0,447.70001220703125,2334264.0,365.0074462890625
2010-09-17,459.375,450.04998779296875,450.04998779296875,456.8999938964844,3007978.0,372.5082092285156
2010-09-20,460.95001220703125,453.3500061035156,458.5,456.125,2419108.0,371.8763122558594
2010-09-21,479.0,455.1499938964844,456.0,476.9750061035156,4997184.0,388.8752136230469
2010-09-22,480.0,465.0,478.0,467.625,4031066.0,381.252197265625
2010-09-23,472.6499938964844,463.8999938964844,470.0,465.67498779296875,3327236.0,379.6625061035156
2010-09-24,468.95001220703125,462.5,466.54998779296875,465.9750061035156,2738784.0,379.90704345703125
2010-09-27,470.7250061035156,461.0,467.5,463.79998779296875,3423290.0,378.1338195800781
2010-09-28,465.1499938964844,457.04998779296875,462.625,459.82501220703125,2521714.0,374.8929138183594
2010-09-29,468.625,457.45001220703125,462.5,460.17498779296875,3370194.0,375.1783752441406
2010-09-30,465.0,457.57501220703125,462.5,463.4750061035156,7560924.0,377.86865234375
2010-10-01,483.0,461.0,463.5,480.79998779296875,3326156.0,391.9937438964844
2010-10-04,487.5,476.5,483.375,477.8999938964844,2140956.0,389.6293640136719
2010-10-05,482.9750061035156,473.07501220703125,475.0,475.125,2211664.0,387.366943359375
2010-10-06,483.95001220703125,475.0,475.0,479.82501220703125,1838960.0,391.19879150390625
2010-10-07,483.0,469.20001220703125,480.0,474.3999938964844,1972940.0,386.77587890625
2010-10-08,477.3500061035156,434.5,472.0249938964844,471.29998779296875,2695996.0,384.2485046386719
2010-10-11,476.9750061035156,464.5249938964844,471.29998779296875,470.45001220703125,3065370.0,383.55548095703125
2010-10-12,477.8999938964844,469.54998779296875,471.32501220703125,475.3500061035156,2608902.0,387.5504150390625
2010-10-13,498.8500061035156,474.54998779296875,477.9750061035156,496.42498779296875,5350604.0,404.7326965332031
2010-10-14,502.0,491.17498779296875,498.45001220703125,493.0249938964844,2949086.0,401.9607849121094
2010-10-15,505.5,472.5,499.5,475.1499938964844,5717798.0,387.3874206542969
2010-10-18,492.0,465.0,485.0,490.625,4480734.0,400.00408935546875
2010-10-19,493.70001220703125,482.04998779296875,491.0,483.875,2200912.0,394.5007019042969
2010-10-20,490.25,478.1000061035156,482.25,481.625,2206638.0,392.6663818359375
2010-10-21,496.92498779296875,485.0,487.0249938964844,493.1000061035156,3752354.0,402.02191162109375
2010-10-22,524.7000122070312,511.0,511.0,520.0999755859375,9610404.0,424.0349426269531
2010-10-25,536.4749755859375,518.5999755859375,521.5,533.4749755859375,5156316.0,434.9393310546875
2010-10-26,533.875,520.7750244140625,531.75,531.2999877929688,3507024.0,433.1661376953125
2010-10-27,533.4000244140625,521.7750244140625,530.0,524.0999755859375,2141382.0,427.2959289550781
2010-10-28,533.7750244140625,520.0,525.0,526.4500122070312,5255690.0,429.21197509765625
2010-10-29,530.0,515.5,530.0,526.4500122070312,2212398.0,429.21197509765625
2010-11-01,533.2000122070312,524.5499877929688,526.0250244140625,526.7000122070312,1147948.0,430.23309326171875
2010-11-02,530.0,521.8499755859375,527.5,524.7249755859375,1565778.0,428.61981201171875
2010-11-03,539.5,524.2000122070312,525.4500122070312,526.4000244140625,2217878.0,429.98797607421875
2010-11-04,539.2999877929688,530.75,531.0,534.5750122070312,1717440.0,436.6658020019531
2010-11-08,541.2000122070312,531.0499877929688,540.0,534.0750122070312,2248586.0,436.25738525390625
2010-11-09,549.3499755859375,534.25,536.9500122070312,545.5499877929688,3504086.0,445.63055419921875
2010-11-10,554.0,543.0499877929688,546.125,546.1500244140625,1540224.0,446.1208190917969
2010-11-11,545.0,529.125,545.0,532.375,1926096.0,434.8686828613281
2010-11-12,534.9500122070312,524.0999755859375,530.0,527.9500122070312,1802330.0,431.2540588378906
2010-11-15,539.9249877929688,526.5,532.5,533.0,1389396.0,435.3791198730469
2010-11-16,533.2000122070312,521.0999755859375,533.0,524.4500122070312,2178076.0,428.3952331542969
2010-11-18,536.0,520.0,536.0,521.4000244140625,2765160.0,425.90362548828125
2010-11-19,524.5,503.0,522.4500122070312,507.70001220703125,2172652.0,414.7129821777344
2010-11-22,521.5,505.75,508.0,519.5499877929688,2221236.0,424.3926086425781
2010-11-23,522.5,506.20001220703125,517.0,515.0250244140625,1684448.0,420.6964111328125
2010-11-24,517.25,499.4750061035156,512.5,502.375,3008608.0,410.36322021484375
2010-11-25,520.9500122070312,503.54998779296875,505.0249938964844,510.8999938964844,5855006.0,417.32684326171875
2010-11-26,527.0,512.5,512.5,523.625,3617826.0,427.7211608886719
2010-11-29,539.25,525.125,527.5,535.6500244140625,4518892.0,437.5438232421875
2010-11-30,543.0250244140625,526.5499877929688,530.25,538.0,4808408.0,439.4633483886719
2010-12-01,546.5999755859375,532.0,532.0,540.9500122070312,3776032.0,441.8731689453125
2010-12-02,549.5999755859375,537.5250244140625,545.5,547.9000244140625,4095716.0,447.5502624511719
2010-12-03,556.5,545.5750122070312,546.5250244140625,548.6749877929688,2030112.0,448.1832580566406
2010-12-06,555.0,547.6500244140625,550.0,550.8499755859375,1930954.0,449.95989990234375
2010-12-07,550.0,541.0499877929688,550.0,543.75,2158324.0,444.16021728515625
2010-12-08,546.4749755859375,535.625,545.4749755859375,539.5750122070312,1984132.0,440.74993896484375
2010-12-09,548.6500244140625,534.0499877929688,541.8499755859375,536.2999877929688,2579902.0,438.0748291015625
2010-12-10,541.9249877929688,528.5,533.5,537.4500122070312,2245624.0,439.0141906738281
2010-12-13,540.3499755859375,524.2000122070312,535.5,538.0499877929688,2115066.0,439.50433349609375
2010-12-14,544.7999877929688,532.0750122070312,536.5999755859375,540.4749755859375,2615340.0,441.485107421875
2010-12-15,554.2000122070312,540.75,542.5499877929688,551.8250122070312,2572034.0,450.75634765625
2010-12-16,572.0,552.0750122070312,554.5,570.3499755859375,4515704.0,465.8884582519531
2010-12-20,588.5,557.4249877929688,567.4000244140625,583.3499755859375,4514046.0,476.5074157714844
2010-12-21,586.125,577.0,584.5,580.4000244140625,2810642.0,474.09783935546875
2010-12-22,584.5,568.875,583.5,574.875,3186836.0,469.5845642089844
2010-12-23,579.7750244140625,566.0499877929688,575.0,570.0,2850924.0,465.6025390625
2010-12-24,574.4000244140625,562.875,567.0,570.5499877929688,1624640.0,466.0516357421875
2010-12-27,579.7249755859375,569.0999755859375,572.5,570.5999755859375,1664936.0,466.0925598144531
2010-12-28,575.4500122070312,570.0250244140625,570.5999755859375,573.1749877929688,1012876.0,468.1959533691406
2010-12-29,581.0,573.5250244140625,574.5,578.4749755859375,1042370.0,472.5254821777344
2010-12-30,587.4000244140625,576.25,576.25,585.0999755859375,3845552.0,477.93701171875
2010-12-31,590.0,580.9000244140625,586.25,582.8250122070312,1532980.0,476.07861328125
2011-01-03,588.4749755859375,577.2750244140625,583.5,579.0250244140625,1405042.0,472.9745178222656
2011-01-04,583.0750122070312,569.0499877929688,581.9500122070312,572.375,2502868.0,467.5424499511719
2011-01-05,582.9500122070312,570.875,572.625,579.4749755859375,3069674.0,473.34210205078125
2011-01-06,591.0,576.5499877929688,584.0,585.8499755859375,2846720.0,478.54962158203125
2011-01-07,593.4249877929688,569.0750122070312,588.0,571.3250122070312,2532724.0,466.684814453125
2011-01-10,574.5,560.5,573.75,565.4500122070312,3952426.0,461.8858642578125
2011-01-11,567.7750244140625,543.9000244140625,561.5,549.25,3768730.0,448.6528625488281
2011-01-12,575.7999877929688,554.0,554.9500122070312,567.9749755859375,3160874.0,463.9482421875
2011-01-13,577.9749755859375,558.0999755859375,564.4749755859375,562.125,5589198.0,459.16986083984375
2011-01-14,575.0,560.0,564.9500122070312,560.0750122070312,3151692.0,457.495361328125
2011-01-17,573.2750244140625,560.0,560.5999755859375,568.7000122070312,3000212.0,464.5406188964844
2011-01-18,604.4500122070312,582.1749877929688,587.0,601.2750244140625,8481370.0,491.14947509765625
2011-01-19,604.5,592.5,601.7249755859375,596.5,2952040.0,487.2489929199219
2011-01-20,609.375,590.0,590.0,606.0999755859375,4545208.0,495.0905456542969
2011-01-21,610.0,602.0,605.0,605.8250122070312,2597404.0,494.86602783203125
2011-01-24,610.0,599.125,600.0,604.5999755859375,2016678.0,493.86529541015625
2011-01-25,609.6500244140625,590.0,607.4000244140625,594.2750244140625,2467094.0,485.43145751953125
2011-01-27,604.9749755859375,590.7999877929688,593.7750244140625,599.7000122070312,4714118.0,490.68841552734375
2011-01-28,601.7999877929688,582.625,597.5,590.6749877929688,3014578.0,483.30401611328125
2011-01-31,584.5,564.2750244140625,584.5,579.75,5940816.0,474.36492919921875
2011-02-01,582.5,566.5,582.5,575.0750122070312,4212708.0,470.53973388671875
2011-02-02,599.4500122070312,581.1749877929688,585.0,591.2249755859375,3937618.0,483.7539978027344
2011-02-03,597.8499755859375,585.3250122070312,592.3499755859375,591.8499755859375,1883412.0,484.2654724121094
2011-02-04,591.5499877929688,570.125,588.0,574.4000244140625,3457600.0,469.98736572265625
2011-02-07,586.75,563.25,586.75,565.5750122070312,2578382.0,462.7666320800781
2011-02-08,574.9500122070312,559.25,566.0,562.5499877929688,5288638.0,460.2915344238281
2011-02-09,564.7999877929688,541.8499755859375,561.25,549.1500244140625,6012732.0,449.32733154296875
2011-02-10,557.25,536.0,550.0,545.375,4551822.0,446.2385559082031
2011-02-11,552.0999755859375,527.9500122070312,542.0499877929688,544.7999877929688,2945056.0,445.7680358886719
2011-02-14,560.0,543.5,545.5,556.1500244140625,2462548.0,455.05499267578125
2011-02-15,559.5,538.2750244140625,559.5,548.8499755859375,3625426.0,449.0819091796875
2011-02-16,554.8499755859375,540.5,552.5,548.25,2464592.0,448.59100341796875
2011-02-17,557.2249755859375,546.2000122070312,552.5,554.5999755859375,1477760.0,453.78662109375
2011-02-18,566.2000122070312,541.0499877929688,555.125,544.8499755859375,4076928.0,445.8090515136719
2011-02-21,574.0,529.0999755859375,545.0,569.2999877929688,5657800.0,465.81451416015625
2011-02-22,573.8499755859375,560.0,561.3250122070312,569.375,3305400.0,465.8760681152344
2011-02-23,572.4749755859375,561.5499877929688,564.0750122070312,562.7750244140625,1879344.0,460.4757385253906
2011-02-24,569.375,545.6500244140625,559.5,555.9000244140625,5378830.0,454.8504333496094
2011-02-25,558.5,544.125,552.6500244140625,555.0250244140625,3070474.0,454.1343994140625
2011-02-28,574.125,550.0,550.5999755859375,555.125,3229396.0,454.216064453125
2011-03-01,566.0,548.7999877929688,556.5,562.25,3167804.0,460.0460510253906
2011-03-03,577.5,553.5,559.9500122070312,575.0999755859375,3452600.0,470.5603332519531
2011-03-04,581.6749877929688,566.25,581.6749877929688,567.7750244140625,2061198.0,464.56671142578125
2011-03-07,562.5,547.2249755859375,562.0,554.125,4184588.0,453.3980407714844
2011-03-08,564.4000244140625,552.5750122070312,552.5750122070312,558.8499755859375,3947902.0,457.26397705078125
2011-03-09,569.0,559.25,561.2750244140625,563.3499755859375,2424486.0,460.9461975097656
2011-03-10,561.0,550.0,561.0,554.2750244140625,1871324.0,453.5206604003906
2011-03-11,551.2000122070312,531.6500244140625,550.0,538.5250244140625,5012882.0,440.6336669921875
2011-03-14,551.0,529.2000122070312,535.5,548.7750244140625,3248618.0,449.0205383300781
2011-03-15,547.7249755859375,532.8250122070312,537.5,544.9000244140625,3411868.0,445.8499755859375
2011-03-16,561.7249755859375,545.5750122070312,546.0,557.4249877929688,2677874.0,456.0980224609375
2011-03-17,559.4500122070312,546.3250122070312,552.5,549.0,2056102.0,449.20458984375
2011-03-18,554.5,538.0499877929688,546.75,541.375,2211348.0,442.965576171875
2011-03-21,545.75,533.25,545.75,535.4000244140625,2619090.0,438.0766906738281
2011-03-22,540.0,531.5,537.5499877929688,534.75,2657774.0,437.5449523925781
2011-03-23,535.5,528.625,535.5,532.1749877929688,4352248.0,435.4381103515625
2011-03-24,547.7750244140625,535.0,535.5,546.7000122070312,3094834.0,447.3227233886719
2011-03-25,564.25,551.875,558.4249877929688,559.8250122070312,4146434.0,458.0617980957031
2011-03-28,563.3499755859375,554.0,561.9249877929688,559.9500122070312,2248642.0,458.16412353515625
2011-03-29,575.9500122070312,559.5750122070312,560.0,569.3499755859375,3159588.0,465.8553771972656
2011-03-30,582.0,572.4500122070312,574.0,575.9749755859375,2294770.0,471.27618408203125
2011-03-31,599.0,576.0,576.0,591.9500122070312,7394126.0,484.34722900390625
2011-04-01,599.375,586.2750244140625,592.5,590.0750122070312,1799624.0,482.8132019042969
2011-04-04,608.0,592.0,592.5,606.5999755859375,2311616.0,496.33416748046875
2011-04-05,621.9749755859375,601.875,607.5250244140625,619.9249877929688,2891014.0,507.23687744140625
2011-04-06,623.4749755859375,607.0750122070312,619.5,610.9249877929688,2422352.0,499.8729553222656
2011-04-07,610.0,597.5750122070312,610.0,599.5999755859375,2149016.0,490.6066589355469
2011-04-08,607.0,592.375,598.4500122070312,598.0,1983768.0,489.2975158691406
2011-04-11,597.5,587.6500244140625,590.0750122070312,589.2000122070312,2256232.0,482.09722900390625
2011-04-13,610.7000122070312,587.1500244140625,587.5,605.0499877929688,3757530.0,495.0660705566406
2011-04-15,609.9500122070312,590.0,608.4500122070312,595.7000122070312,7566770.0,487.41571044921875
2011-04-18,606.25,570.0250244140625,599.0,572.2999877929688,7765454.0,468.2691345214844
2011-04-19,584.7000122070312,570.0,572.2999877929688,582.3499755859375,3120224.0,476.492431640625
2011-04-20,612.0,589.7750244140625,589.9000244140625,609.3499755859375,5338548.0,498.5841979980469
2011-04-21,622.9000244140625,585.4249877929688,620.5,596.0499877929688,17333968.0,487.7019348144531
2011-04-25,602.0,586.3250122070312,598.5,598.9249877929688,4191552.0,490.0545349121094
2011-04-26,601.0,590.1749877929688,600.0,594.5,3155246.0,486.4338073730469
2011-04-27,597.4749755859375,588.0250244140625,597.4749755859375,590.2999877929688,1774478.0,482.99725341796875
2011-04-28,591.75,577.7999877929688,590.0750122070312,579.3250122070312,2846194.0,474.0172424316406
2011-04-29,586.0,575.125,586.0,582.8250122070312,1866696.0,476.8810729980469
2011-05-02,588.75,576.25,585.0,579.2249755859375,1543070.0,473.9353332519531
2011-05-03,581.0,565.5,581.0,569.2249755859375,2120156.0,465.7530212402344
2011-05-04,573.0,557.5750122070312,573.0,568.5250244140625,2722934.0,465.180419921875
2011-05-05,572.5,554.0499877929688,572.5,557.5,1885596.0,456.15948486328125
2011-05-06,576.75,559.875,560.0,574.4749755859375,2405348.0,470.0490417480469
2011-05-09,575.9749755859375,562.25,575.0,567.7750244140625,1012232.0,464.56671142578125
2011-05-10,579.9749755859375,564.0,566.5,569.9500122070312,1529158.0,466.3465270996094
2011-05-11,575.8499755859375,563.0499877929688,569.5,570.125,1460670.0,466.48956298828125
2011-05-12,566.9500122070312,554.1749877929688,566.9500122070312,555.875,2540458.0,454.8298034667969
2011-05-13,571.1500244140625,556.0,556.0,563.5499877929688,2365488.0,461.1096496582031
2011-05-16,573.7000122070312,560.0,560.5,565.5499877929688,2227368.0,462.74609375
2011-05-17,574.5999755859375,561.0250244140625,561.0250244140625,570.8499755859375,1391414.0,467.0828857421875
2011-05-18,580.75,571.125,571.125,577.5250244140625,2225180.0,472.5445251464844
2011-05-19,585.0,578.0,582.5,582.4249877929688,2050922.0,476.5536804199219
2011-05-20,591.7000122070312,581.625,586.875,587.5,2050600.0,480.7062683105469
2011-05-23,585.25,575.0,582.0,583.2750244140625,2017284.0,477.249267578125
2011-05-24,586.4000244140625,569.5750122070312,581.3250122070312,574.9500122070312,1681994.0,470.4375
2011-05-25,574.9500122070312,560.0,574.5499877929688,564.2999877929688,1867470.0,461.7232971191406
2011-05-26,571.5,560.0,569.5,567.875,2060218.0,464.648681640625
2011-05-27,574.9500122070312,568.1500244140625,574.2750244140625,572.2750244140625,1286704.0,468.2486572265625
2011-05-30,579.9749755859375,571.1500244140625,575.5,575.9749755859375,1140868.0,471.27618408203125
2011-05-31,588.8499755859375,575.0499877929688,577.5,578.5750122070312,2644154.0,473.40350341796875
2011-06-01,588.5,578.5,578.5,587.7000122070312,982386.0,480.86993408203125
2011-06-02,586.0,578.3250122070312,579.4500122070312,583.875,1697654.0,477.7403259277344
2011-06-03,587.5,575.0,583.0,576.0499877929688,1367808.0,471.3375244140625
2011-06-06,584.0,570.0,570.0,582.1749877929688,1357074.0,476.34918212890625
2011-06-07,591.5750122070312,579.0,581.5,589.6500244140625,1837442.0,482.4654541015625
2011-06-08,592.5,581.75,585.9500122070312,590.7000122070312,2127670.0,486.6257629394531
2011-06-09,596.9000244140625,587.5,587.5,593.1749877929688,2693966.0,488.6645812988281
2011-06-10,598.75,592.5499877929688,593.2750244140625,594.5999755859375,3774550.0,489.8385009765625
2011-06-13,595.25,586.2750244140625,594.5999755859375,587.6500244140625,3229400.0,484.11297607421875
2011-06-14,597.4500122070312,589.0,589.0,595.5250244140625,2125782.0,490.6002502441406
2011-06-15,602.5,590.625,593.0,592.125,2812382.0,487.7995910644531
2011-06-16,592.9500122070312,574.125,591.5,575.5750122070312,2337520.0,474.16552734375
2011-06-17,578.5,552.0,577.5,554.5999755859375,3788146.0,456.885986328125
2011-06-20,559.5,529.0,557.5,534.6500244140625,5310408.0,440.4508972167969
2011-06-21,555.3499755859375,531.5999755859375,537.5,553.375,3425946.0,455.8769836425781
2011-06-22,558.4500122070312,540.0,558.0,541.75,3570834.0,446.2999267578125
2011-06-23,550.5,535.0499877929688,540.9000244140625,548.5,2428236.0,451.86065673828125
2011-06-24,570.375,549.5,550.0,568.875,4151588.0,468.6459045410156
2011-06-27,577.3499755859375,561.0,561.0,575.2999877929688,3125218.0,473.9389953613281
2011-06-28,581.0,567.8250122070312,580.0,577.0,2133332.0,475.3393249511719
2011-06-29,589.4500122070312,577.3499755859375,577.3499755859375,584.9249877929688,2958704.0,481.86822509765625
2011-06-30,596.0,583.5,584.9000244140625,592.0999755859375,5172916.0,487.77886962890625
2011-07-01,599.0,589.8499755859375,599.0,595.9500122070312,1920840.0,490.9508056640625
2011-07-04,600.0,590.0,596.5,592.8499755859375,1603734.0,488.3968505859375
2011-07-05,595.5,586.7000122070312,594.9000244140625,589.7249755859375,2061136.0,485.82257080078125
2011-07-06,596.4500122070312,585.8499755859375,589.125,591.4000244140625,1490178.0,487.2022705078125
2011-07-07,600.0,591.5499877929688,591.5499877929688,597.9500122070312,2602634.0,492.59832763671875
2011-07-08,602.5,584.625,598.0,585.8250122070312,3412060.0,482.6095275878906
2011-07-11,588.9000244140625,573.2999877929688,585.0,578.3250122070312,1822504.0,476.4310607910156
2011-07-12,574.4000244140625,556.0499877929688,567.8499755859375,572.6749877929688,4079404.0,471.7762756347656
2011-07-13,584.0,565.5,575.0,574.5250244140625,3952600.0,473.3004455566406
2011-07-14,579.2999877929688,559.5499877929688,575.0,561.8499755859375,6937844.0,462.8586730957031
2011-07-15,588.9500122070312,570.5499877929688,584.0,573.0250244140625,7279700.0,472.064697265625
2011-07-18,576.0,561.1500244140625,574.0,562.5250244140625,3125208.0,463.4147644042969
2011-07-19,574.0750122070312,560.125,560.7999877929688,570.0250244140625,2195292.0,469.59320068359375
2011-07-20,575.9000244140625,562.5,575.0,566.2249755859375,2807746.0,466.4627685546875
2011-07-21,566.25,560.0250244140625,566.0,561.2750244140625,1850624.0,462.38507080078125
2011-07-22,570.6500244140625,563.25,563.375,566.7000122070312,2090442.0,466.854248046875
2011-07-25,572.0,561.5750122070312,567.5,569.9500122070312,4740714.0,469.5316162109375
2011-07-26,575.9749755859375,563.625,569.9000244140625,572.3250122070312,3968722.0,471.4880676269531
2011-07-27,577.3250122070312,569.0750122070312,574.4749755859375,573.5750122070312,2024290.0,472.5179138183594
2011-07-28,572.4500122070312,560.1500244140625,570.0,564.7750244140625,4093814.0,466.48822021484375
2011-07-29,571.0,560.8250122070312,566.5,568.5,1719138.0,469.565185546875
2011-08-01,574.9500122070312,562.5499877929688,571.2000122070312,567.625,1982346.0,468.84222412109375
2011-08-02,567.0,561.125,565.25,565.3250122070312,2025292.0,466.9425354003906
2011-08-03,562.8499755859375,547.6749877929688,560.0,555.1749877929688,3064246.0,458.55877685546875
2011-08-04,559.75,545.5499877929688,555.0250244140625,547.9249877929688,3049294.0,452.57061767578125
2011-08-05,537.0,514.0,536.5750122070312,528.9749755859375,5269388.0,436.9184265136719
2011-08-08,516.6749877929688,498.29998779296875,505.6000061035156,502.67498779296875,6549306.0,415.19537353515625
2011-08-09,492.6000061035156,473.8500061035156,482.5,482.3999938964844,8159270.0,398.44873046875
2011-08-10,506.0,486.8999938964844,499.5,492.0249938964844,5949080.0,406.3988037109375
2011-08-11,491.70001220703125,481.5,490.0,489.17498779296875,2900464.0,404.04473876953125
2011-08-12,495.95001220703125,468.75,495.2749938964844,473.57501220703125,4169084.0,391.1596374511719
2011-08-16,489.17498779296875,478.0249938964844,483.5,486.79998779296875,2983568.0,402.0830993652344
2011-08-17,504.70001220703125,485.0,487.25,499.95001220703125,4557892.0,412.9446105957031
2011-08-18,504.6499938964844,479.0,502.95001220703125,481.17498779296875,3619896.0,397.43707275390625
2011-08-19,473.4750061035156,452.5,471.5,464.4750061035156,5443614.0,383.6431884765625
2011-08-22,465.0,451.0,464.5,459.0249938964844,3528922.0,379.14166259765625
2011-08-23,494.0,460.17498779296875,460.42498779296875,490.79998779296875,4874670.0,405.3869934082031
2011-08-24,489.0,477.5,489.0,481.29998779296875,3194790.0,397.54022216796875
2011-08-25,486.5,469.0,484.8500061035156,475.20001220703125,4445488.0,392.5018615722656
2011-08-26,484.75,470.0,475.54998779296875,474.2250061035156,3584910.0,391.696533203125
2011-08-29,512.0,482.04998779296875,482.04998779296875,509.79998779296875,5590444.0,421.08050537109375
2011-08-30,525.1500244140625,512.0750122070312,515.0,521.2000122070312,5966682.0,430.4964294433594
2011-09-02,537.375,506.0,536.5,511.04998779296875,4413506.0,422.1129150390625
2011-09-05,516.5999755859375,499.2250061035156,507.8999938964844,513.8499755859375,3789658.0,424.4256286621094
2011-09-06,521.0,502.5,509.0,516.9500122070312,4763292.0,426.9861755371094
2011-09-07,525.0,512.5,517.0499877929688,515.5,4432156.0,425.78839111328125
2011-09-08,527.4749755859375,514.5,516.5,518.0250244140625,4892662.0,427.8740234375
2011-09-09,525.7999877929688,505.32501220703125,520.0,508.0249938964844,5062650.0,419.6142272949219
2011-09-12,501.92498779296875,489.32501220703125,500.0,492.8500061035156,3297170.0,407.0801696777344
2011-09-13,512.0,494.375,498.8999938964844,496.875,3798204.0,410.4046936035156
2011-09-14,514.5,496.875,500.5,507.54998779296875,4745632.0,419.22198486328125
2011-09-15,522.9000244140625,505.0,514.0,520.875,3852238.0,430.2281799316406
2011-09-16,536.2000122070312,510.6499938964844,524.0,513.875,4656504.0,424.4462585449219
2011-09-19,516.25,506.25,510.75,509.0249938964844,2240234.0,420.44024658203125
2011-09-20,532.0,511.04998779296875,511.04998779296875,528.9749755859375,3487986.0,436.9184265136719
2011-09-21,533.9749755859375,518.4500122070312,533.9749755859375,521.75,2740760.0,430.95086669921875
2011-09-22,517.0,493.1000061035156,511.5,497.20001220703125,3141570.0,410.6731872558594
2011-09-23,507.5,491.125,494.0,495.1499938964844,4564232.0,408.9798889160156
2011-09-26,504.0,484.5,498.0,498.4750061035156,3388478.0,411.7262878417969
2011-09-27,522.5,503.0,506.8999938964844,520.2750244140625,3964578.0,429.7324523925781
2011-09-28,532.3499755859375,518.5,524.25,523.9500122070312,4425190.0,432.7679138183594
2011-09-29,534.0,517.8499755859375,521.625,530.7249755859375,5380350.0,438.3638610839844
2011-09-30,532.0,516.5499877929688,524.9500122070312,518.6500244140625,2691018.0,428.39019775390625
2011-10-03,524.9500122070312,507.6499938964844,510.0,521.6500244140625,3949264.0,430.8681945800781
2011-10-04,529.5,514.5499877929688,519.2000122070312,522.9749755859375,4718224.0,431.96246337890625
2011-10-05,531.5,520.5,527.25,521.7750244140625,3415262.0,430.9714050292969
2011-10-07,538.9000244140625,518.75,537.5499877929688,524.2750244140625,5085808.0,433.0364074707031
2011-10-10,537.0,524.0,524.0,532.3499755859375,3854814.0,439.70599365234375
2011-10-11,539.0,517.25,537.5,520.4249877929688,4476374.0,429.8564147949219
2011-10-12,544.7000122070312,531.0,533.0,539.5250244140625,5871662.0,445.63250732421875
2011-10-13,552.4749755859375,540.0499877929688,548.25,546.375,5408918.0,451.2904052734375
2011-10-14,570.375,544.4500122070312,544.7000122070312,567.125,6710132.0,468.4293518066406
2011-10-17,577.0,555.6500244140625,575.75,560.125,4358690.0,462.6473693847656
2011-10-18,532.125,510.25,531.0,516.7750244140625,12006778.0,426.8416442871094
2011-10-19,527.2000122070312,517.5999755859375,521.5,524.4749755859375,3827420.0,433.2015686035156
2011-10-20,523.5,515.1500244140625,518.0,522.4500122070312,2245412.0,431.5289306640625
2011-10-21,530.0,521.5,527.4500122070312,524.9249877929688,2461130.0,433.57318115234375
2011-10-24,546.1500244140625,529.75,530.0,539.875,3271720.0,445.9216003417969
2011-10-25,553.5,535.7249755859375,544.5,549.3250122070312,4158746.0,454.990966796875
2011-10-28,569.5499877929688,555.5,564.5,560.75,3259116.0,464.4540710449219
2011-10-31,566.0,556.0,560.0,557.9000244140625,1778740.0,462.0935363769531
2011-11-01,561.5,548.125,554.0,554.2249755859375,1458210.0,459.0495300292969
2011-11-02,560.9249877929688,550.0,550.625,553.4249877929688,1550844.0,458.38720703125
2011-11-03,554.7000122070312,543.5,548.9000244140625,552.5,1891268.0,457.6208190917969
2011-11-04,562.5,543.5999755859375,560.5,549.9000244140625,2716008.0,455.4673156738281
2011-11-08,557.4000244140625,548.0,548.0,552.625,1692104.0,457.72454833984375
2011-11-09,573.0,553.1500244140625,555.0,561.4749755859375,3921980.0,465.05462646484375
2011-11-11,570.5,553.625,555.0,565.5,3629590.0,468.3885803222656
2011-11-14,578.0,562.25,570.0,564.2000122070312,2329150.0,467.3116455078125
2011-11-15,569.4749755859375,560.0,562.5250244140625,562.2000122070312,1468478.0,465.6551513671875
2011-11-16,566.4000244140625,552.5999755859375,563.0,558.625,1871602.0,462.6939697265625
2011-11-17,561.75,553.7999877929688,557.5,557.5750122070312,1391988.0,461.824462890625
2011-11-18,554.9000244140625,538.1500244140625,552.875,543.2999877929688,2789442.0,450.000732421875
2011-11-21,544.1500244140625,530.0499877929688,542.5,533.5999755859375,2871704.0,441.9664306640625
2011-11-22,547.5,528.5,534.4500122070312,540.9249877929688,3723582.0,448.0335388183594
2011-11-23,540.9749755859375,520.5,540.9749755859375,531.1500244140625,2355750.0,439.937255859375
2011-11-24,548.2000122070312,522.5,531.0,545.9000244140625,3766844.0,452.15423583984375
2011-11-25,543.9500122070312,528.5499877929688,542.5,531.9500122070312,2140604.0,440.599853515625
2011-11-28,548.0,537.0,538.9749755859375,544.25,1504486.0,450.7876281738281
2011-11-29,552.9500122070312,543.0999755859375,546.5,546.6500244140625,2554696.0,452.77545166015625
2011-11-30,561.4749755859375,540.5750122070312,540.5750122070312,557.7750244140625,3481698.0,461.9901123046875
2011-12-01,574.2750244140625,563.0999755859375,570.0,567.4000244140625,2481448.0,469.9621276855469
2011-12-02,592.5,564.7999877929688,567.4249877929688,589.0,3968866.0,487.8528747558594
2011-12-05,591.9500122070312,581.2750244140625,586.25,590.4749755859375,1530476.0,489.0744934082031
2011-12-07,596.4500122070312,586.7999877929688,590.0,589.7750244140625,2637422.0,488.4947509765625
2011-12-08,594.5,583.5750122070312,585.0,588.7999877929688,3326444.0,487.6871643066406
2011-12-09,591.4000244140625,580.5,580.5,586.2000122070312,2763230.0,485.5335693359375
2011-12-12,595.0,577.5499877929688,588.0,590.1749877929688,3172170.0,488.8260498046875
2011-12-13,598.4500122070312,583.3250122070312,587.5,589.3499755859375,3274558.0,488.14276123046875
2011-12-14,594.5,585.0,590.25,591.2249755859375,3346176.0,489.6957092285156
2011-12-15,594.9500122070312,577.2999877929688,589.8499755859375,591.25,3669372.0,489.71661376953125
2011-12-16,591.2750244140625,566.1500244140625,588.2750244140625,573.1500244140625,3550896.0,474.7246398925781
2011-12-19,578.7000122070312,557.2000122070312,569.5,571.8250122070312,3667724.0,473.6272277832031
2011-12-20,575.5499877929688,564.125,572.6749877929688,566.6749877929688,1809396.0,469.36151123046875
2011-12-21,583.0,561.2249755859375,575.0,579.3499755859375,3116976.0,479.85992431640625
2011-12-22,581.9249877929688,567.125,576.0,575.8499755859375,2086268.0,476.96087646484375
2011-12-23,581.0,569.5499877929688,575.5,578.5750122070312,1578590.0,479.2181091308594
2011-12-26,595.0999755859375,576.75,578.5750122070312,594.2000122070312,2229352.0,492.1598205566406
2011-12-27,595.0,585.0,592.7000122070312,589.7249755859375,983902.0,488.4534912109375
2011-12-28,591.7750244140625,582.9500122070312,589.3499755859375,584.5999755859375,1197910.0,484.2083435058594
2011-12-29,589.0499877929688,579.75,581.75,582.8499755859375,1585728.0,482.7588195800781
2011-12-30,591.25,578.25,589.0,580.3250122070312,1545410.0,480.667724609375
2012-01-02,592.9749755859375,576.5,580.5,589.2999877929688,2248542.0,488.10125732421875
2012-01-03,604.9500122070312,590.0,591.625,598.7999877929688,2708884.0,495.96990966796875
2012-01-04,602.5,584.6500244140625,602.4500122070312,586.5,2386770.0,485.78228759765625
2012-01-05,592.5,583.6749877929688,586.4000244140625,586.0,2547312.0,485.36785888671875
2012-01-06,594.1749877929688,578.4000244140625,583.0,584.7000122070312,2119728.0,484.291259765625
2012-01-09,589.8499755859375,582.625,585.5,585.6749877929688,1509028.0,485.0987548828125
2012-01-10,592.75,579.25,587.5,582.7000122070312,3591790.0,482.63470458984375
2012-01-11,587.5,566.5750122070312,585.7000122070312,568.5,5675380.0,470.87335205078125
2012-01-12,557.5,534.3250122070312,550.5,544.75,9528684.0,451.2016296386719
2012-01-13,551.6749877929688,536.5,548.5750122070312,542.875,4019828.0,449.6487121582031
2012-01-16,557.0,539.4500122070312,542.0,554.7000122070312,3047202.0,459.44317626953125
2012-01-17,562.3499755859375,547.0,559.9500122070312,551.9749755859375,3704218.0,457.1859436035156
2012-01-18,548.1500244140625,522.6500244140625,540.0,538.0750122070312,11665532.0,445.67303466796875
2012-01-19,544.4500122070312,532.7000122070312,543.5,537.7750244140625,4163292.0,445.4245300292969
2012-01-20,545.4749755859375,536.5,539.9749755859375,539.75,2572694.0,447.0602722167969
2012-01-23,545.7249755859375,537.0750122070312,543.0,538.8499755859375,2130496.0,446.3149108886719
2012-01-24,547.5,539.0,544.0,544.3499755859375,2641310.0,450.8704833984375
2012-01-25,554.9749755859375,545.5250244140625,547.4500122070312,549.0,5845238.0,455.9783935546875
2012-01-27,560.2750244140625,550.0499877929688,552.5,554.375,5209718.0,460.4426574707031
2012-01-30,559.4749755859375,550.375,551.25,555.875,2595558.0,461.68841552734375
2012-01-31,567.9500122070312,556.5,556.5,566.2000122070312,3538120.0,470.26397705078125
2012-02-01,567.5,554.125,564.7000122070312,564.3499755859375,2288804.0,468.72735595703125
2012-02-02,576.3250122070312,565.1500244140625,568.0,574.0,3386140.0,476.7424011230469
2012-02-03,588.0,570.5,572.5,585.7750244140625,2777558.0,486.52239990234375
2012-02-06,600.0250244140625,586.6749877929688,591.8499755859375,596.9249877929688,3427196.0,495.7829895019531
2012-02-07,604.8499755859375,595.9500122070312,604.8499755859375,599.0,3407656.0,497.50640869140625
2012-02-08,613.4249877929688,605.5,608.2000122070312,609.8250122070312,3627184.0,506.49737548828125
2012-02-09,616.0,594.0,605.5499877929688,614.2999877929688,3038062.0,510.2140808105469
2012-02-10,619.0,606.0,614.0,616.7000122070312,2324302.0,512.2073974609375
2012-02-13,618.9749755859375,607.0,611.0999755859375,612.8499755859375,1631770.0,509.0097961425781
2012-02-14,614.7750244140625,607.5,612.5,610.0,1826646.0,506.6427001953125
2012-02-15,624.4000244140625,609.75,613.5750122070312,620.7999877929688,2167166.0,515.6127319335938
2012-02-16,621.0,609.0,619.0,612.6749877929688,1886660.0,508.8643798828125
2012-02-17,627.0,610.5,617.4249877929688,614.375,4096568.0,510.2763671875
2012-02-21,620.0,602.375,611.7750244140625,618.5250244140625,2489504.0,513.7232055664062
2012-02-22,633.4249877929688,614.5,617.5,626.1749877929688,3141826.0,520.0769653320312
2012-02-23,637.4500122070312,622.0,624.5250244140625,629.9000244140625,4086880.0,523.1709594726562
2012-02-24,640.4249877929688,628.625,629.5,635.0,2346400.0,527.4067993164062
2012-02-27,639.9749755859375,622.7999877929688,639.5,626.0250244140625,1861370.0,519.9525146484375
2012-02-28,630.2000122070312,609.5499877929688,627.625,613.2750244140625,3973490.0,509.36260986328125
2012-02-29,620.0,606.125,620.0,610.9749755859375,3060216.0,507.45245361328125
2012-03-01,613.4749755859375,605.0250244140625,611.5,609.7999877929688,1568594.0,506.47637939453125
2012-03-02,613.5,603.5,613.0,608.625,2309232.0,505.5006408691406
2012-03-05,611.2249755859375,600.5,607.0,603.6500244140625,1540878.0,501.36871337890625
2012-03-06,610.6500244140625,594.5,601.5,601.0,1717722.0,499.1675720214844
2012-03-07,603.0,593.2750244140625,597.5,596.4249877929688,1945666.0,495.3676452636719
2012-03-09,613.5,601.4749755859375,613.5,604.2750244140625,2225758.0,501.8876953125
2012-03-12,609.4249877929688,591.5999755859375,607.9500122070312,594.5250244140625,2240278.0,493.78955078125
2012-03-13,607.4749755859375,595.0,595.0,598.5,2492464.0,497.0911560058594
2012-03-14,607.0,575.5,605.0499877929688,577.2750244140625,8065314.0,479.4626159667969
2012-03-15,585.4749755859375,572.5,579.5,581.8499755859375,4284236.0,483.2622985839844
2012-03-16,590.0,579.0,584.9749755859375,584.7750244140625,2054724.0,485.6916809082031
2012-03-19,584.7750244140625,555.9000244140625,584.7750244140625,561.0,5132864.0,465.94512939453125
2012-03-20,572.5,560.0,564.5,567.4249877929688,3683204.0,471.281494140625
2012-03-21,589.9000244140625,568.2750244140625,568.4749755859375,587.875,4553242.0,488.2666320800781
2012-03-22,594.8499755859375,580.0,587.3499755859375,583.875,3421694.0,484.94439697265625
2012-03-23,595.9500122070312,582.4000244140625,587.5,592.3250122070312,3158436.0,491.9624938964844
2012-03-26,592.5,577.0,588.5,580.7999877929688,3053384.0,482.39013671875
2012-03-27,589.8250122070312,575.9749755859375,586.5,587.375,1588246.0,487.8512268066406
2012-03-28,587.3250122070312,577.2249755859375,587.0,582.5499877929688,2051096.0,483.8439025878906
2012-03-29,582.0,566.2000122070312,575.5,570.5999755859375,2681214.0,473.9184875488281
2012-03-30,587.875,572.75,572.75,584.4000244140625,2543342.0,485.3802795410156
2012-04-02,599.5,585.0,585.0,597.125,2326988.0,495.94927978515625
2012-04-03,603.6749877929688,587.6500244140625,600.0999755859375,589.0,2269154.0,489.2008972167969
2012-04-04,594.9000244140625,583.5,584.5,589.2249755859375,2165054.0,489.38775634765625
2012-04-09,594.0,579.125,585.0,582.0499877929688,1576628.0,483.4285583496094
2012-04-10,587.8250122070312,576.125,583.1500244140625,578.0999755859375,1532992.0,480.1475830078125
2012-04-11,577.5,567.5999755859375,574.8499755859375,569.0499877929688,1781586.0,472.6312255859375
2012-04-12,574.0,564.5499877929688,570.125,565.8250122070312,2114686.0,469.9526062011719
2012-04-13,552.3499755859375,530.625,545.6749877929688,534.1749877929688,8994680.0,443.6653747558594
2012-04-16,537.1500244140625,526.6500244140625,532.625,534.875,5016110.0,444.2467041015625
2012-04-17,547.4749755859375,536.9000244140625,542.5,545.4249877929688,2473664.0,453.00909423828125
2012-04-18,557.3499755859375,546.9249877929688,550.0,548.7750244140625,2882264.0,455.7916259765625
2012-04-19,553.4000244140625,545.5499877929688,550.4500122070312,551.4749755859375,1767416.0,458.0340576171875
2012-04-20,553.9749755859375,538.7000122070312,546.625,544.2249755859375,2450024.0,452.0124206542969
2012-04-23,551.2000122070312,523.8250122070312,546.9749755859375,532.125,2843868.0,441.9626159667969
2012-04-24,602.5,558.6500244140625,561.0,597.0999755859375,18113782.0,495.9283447265625
2012-04-25,595.0,583.75,594.5,585.5250244140625,5417898.0,486.3146057128906
2012-04-26,600.9500122070312,582.25,585.0,597.3250122070312,5476292.0,496.1152648925781
2012-04-27,606.0,595.0,595.0,602.0,3711146.0,499.99822998046875
2012-04-30,625.0,602.0,602.0,623.2999877929688,4604822.0,517.6890258789062
2012-05-02,637.2000122070312,621.0499877929688,621.0499877929688,633.625,3981448.0,526.2647094726562
2012-05-03,642.0499877929688,629.2750244140625,631.3499755859375,639.75,3358922.0,531.3519897460938
2012-05-04,647.625,631.5250244140625,640.0,638.4000244140625,3571718.0,530.2305908203125
2012-05-07,639.25,624.2000122070312,630.0,636.625,2627762.0,528.75634765625
2012-05-08,617.3499755859375,597.8250122070312,612.5,600.3499755859375,9631578.0,498.6278076171875
2012-05-09,617.2999877929688,597.0499877929688,597.5,612.7750244140625,9271544.0,508.947509765625
2012-05-10,620.9000244140625,612.5,612.7750244140625,616.2750244140625,2992620.0,511.85443115234375
2012-05-11,618.4500122070312,610.5999755859375,612.0,615.375,2745190.0,511.10693359375
2012-05-14,617.0,610.0,613.6500244140625,612.9749755859375,2573752.0,509.1136474609375
2012-05-15,616.5,609.9000244140625,612.0,613.1500244140625,1875510.0,509.2590637207031
2012-05-16,620.9500122070312,603.375,610.0,611.7000122070312,4567936.0,508.0546569824219
2012-05-17,617.5,599.5250244140625,611.0,611.0,4137524.0,507.47320556640625
2012-05-18,612.4500122070312,601.3250122070312,602.4000244140625,605.3250122070312,2656670.0,502.75958251953125
2012-05-21,612.5,602.0250244140625,605.5,604.5999755859375,2227088.0,502.15753173828125
2012-05-22,620.0,606.5,610.5,612.0250244140625,2360916.0,508.32452392578125
2012-05-23,617.7750244140625,607.0499877929688,616.5,612.5750122070312,2162806.0,508.7815246582031
2012-05-24,614.4749755859375,603.5499877929688,612.5,610.7249755859375,1205674.0,507.2447509765625
2012-05-25,612.5,604.5499877929688,606.0499877929688,610.4000244140625,915046.0,506.97479248046875
2012-05-28,615.0,607.5250244140625,612.0,612.3499755859375,790194.0,508.5943298339844
2012-05-29,624.0,609.2000122070312,614.0,620.1749877929688,1575032.0,515.0936889648438
2012-05-30,628.5,615.625,615.625,620.2750244140625,1581514.0,515.1767578125
2012-05-31,627.9500122070312,610.5,610.5,622.6749877929688,4411602.0,517.1699829101562
2012-06-01,622.5,609.25,620.0,612.2999877929688,1479528.0,508.552978515625
2012-06-04,608.0,598.0999755859375,605.0,606.625,1204430.0,503.8394470214844
2012-06-05,615.4500122070312,607.0,607.0,613.25,2063398.0,509.3420104980469
2012-06-06,631.875,614.5499877929688,615.0,625.5750122070312,3291908.0,519.5787353515625
2012-06-07,624.9500122070312,615.7750244140625,623.5,620.0999755859375,2149728.0,518.3455810546875
2012-06-08,621.2999877929688,612.0750122070312,615.5999755859375,615.4500122070312,2400244.0,514.4586791992188
2012-06-11,623.0250244140625,613.5499877929688,616.5,616.7750244140625,1545048.0,515.5662841796875
2012-06-12,626.5,610.5499877929688,610.5499877929688,624.0499877929688,1092142.0,521.6473999023438
2012-06-13,630.0,621.2999877929688,624.5,625.2000122070312,1450858.0,522.6087036132812
2012-06-14,630.75,622.5,624.5,627.0,1471124.0,524.1134033203125
2012-06-15,640.0,624.5,627.0250244140625,636.2249755859375,1986040.0,531.8246459960938
2012-06-18,643.1749877929688,625.0,638.0,628.5750122070312,1495388.0,525.4299926757812
2012-06-19,639.625,627.5499877929688,628.4500122070312,636.9749755859375,1769058.0,532.4515380859375
2012-06-20,637.0,621.6500244140625,637.0,626.4000244140625,1753740.0,523.6121826171875
2012-06-21,626.0,604.5,622.5250244140625,612.0250244140625,4155980.0,511.595703125
2012-06-22,619.9500122070312,607.125,607.125,616.7249755859375,1919560.0,515.5243530273438
2012-06-25,619.25,605.5,618.5,608.375,1588758.0,508.54461669921875
2012-06-26,618.5,608.5250244140625,608.75,617.5499877929688,1109714.0,516.214111328125
2012-06-27,629.4000244140625,618.125,618.125,623.3499755859375,2305862.0,521.0624389648438
2012-06-28,631.9500122070312,618.125,623.4749755859375,629.4249877929688,1894228.0,526.1405639648438
2012-06-29,643.5,631.4500122070312,631.6749877929688,638.7249755859375,1990150.0,533.91455078125
2012-07-02,639.5,628.2249755859375,639.5,629.7249755859375,2111100.0,526.3912963867188
2012-07-03,634.9000244140625,615.1500244140625,632.5,619.7000122070312,2227292.0,518.01123046875
2012-07-04,624.75,615.7750244140625,621.75,623.9249877929688,1301806.0,521.5428466796875
2012-07-05,623.9249877929688,617.5999755859375,623.9249877929688,620.2999877929688,1520876.0,518.5127563476562
2012-07-06,626.4000244140625,613.5,620.0,623.875,1929928.0,521.5014038085938
2012-07-09,632.2750244140625,621.6749877929688,622.5,629.7000122070312,1912768.0,526.3704223632812
2012-07-10,635.125,624.7750244140625,632.5,630.8499755859375,2517598.0,527.33154296875
2012-07-11,637.25,626.625,626.625,629.1500244140625,2034538.0,525.9107666015625
2012-07-12,625.0,609.6500244140625,612.5,618.0,7859080.0,516.59033203125
2012-07-13,642.0,621.5,636.9000244140625,624.7000122070312,7217154.0,522.1907958984375
2012-07-16,629.625,601.4500122070312,624.5,603.6749877929688,3620626.0,504.6160583496094
2012-07-17,612.0,587.5999755859375,609.0,592.9500122070312,6383816.0,495.6507873535156
2012-07-18,602.2000122070312,589.25,597.5,597.6500244140625,2975286.0,499.5796813964844
2012-07-19,605.0,597.625,601.5,600.5,1335352.0,501.9620361328125
2012-07-20,614.0,600.1500244140625,600.5,611.5250244140625,3378226.0,511.177734375
2012-07-23,613.5999755859375,600.5,604.0,607.125,2903198.0,508.7478332519531
2012-07-24,609.3250122070312,598.5499877929688,604.0499877929688,604.5750122070312,1648092.0,506.6109619140625
2012-07-25,608.5,598.4500122070312,602.0,606.5750122070312,1666030.0,508.28680419921875
2012-07-26,610.5,595.0999755859375,606.5,599.2249755859375,2945746.0,502.12786865234375
2012-07-27,615.0999755859375,601.625,607.5,612.6500244140625,1842976.0,513.37744140625
2012-07-30,621.4249877929688,607.2750244140625,617.4500122070312,615.5,2625712.0,515.7657470703125
2012-07-31,624.625,613.125,617.5,621.8250122070312,1979964.0,521.0657958984375
2012-08-01,622.4000244140625,611.0499877929688,619.0499877929688,612.3250122070312,1295750.0,513.1050415039062
2012-08-02,618.3499755859375,611.0,614.9749755859375,616.4000244140625,951058.0,516.52001953125
2012-08-03,620.125,609.0499877929688,614.0,618.4500122070312,977736.0,518.2374877929688
2012-08-06,624.0,612.5999755859375,622.5,614.4500122070312,1015540.0,514.8858032226562
2012-08-07,633.0999755859375,617.3250122070312,619.5,632.0250244140625,2099154.0,529.6128540039062
2012-08-08,633.3250122070312,623.2000122070312,632.5,624.5999755859375,1643000.0,523.3910522460938
2012-08-09,633.9249877929688,625.125,625.125,629.0750122070312,1129474.0,527.1409912109375
2012-08-10,642.5,627.875,628.0,640.0250244140625,3082356.0,536.3165893554688
2012-08-13,639.5499877929688,628.625,639.5499877929688,633.1500244140625,1428038.0,530.5557861328125
2012-08-14,636.625,629.625,630.0,634.2000122070312,1136930.0,531.4354858398438
2012-08-16,635.7750244140625,626.0499877929688,635.0750122070312,631.7750244140625,1788292.0,529.4034423828125
2012-08-17,642.25,632.0,632.5250244140625,639.2999877929688,1287576.0,535.7091064453125
2012-08-21,652.5,638.5499877929688,639.9500122070312,649.3250122070312,2051576.0,544.109619140625
2012-08-22,654.5,644.0499877929688,647.9500122070312,645.8250122070312,1134096.0,541.1769409179688
2012-08-23,663.0,645.875,645.875,661.7249755859375,2337314.0,554.5003662109375
2012-08-24,664.2000122070312,656.5,660.0,661.4249877929688,1578938.0,554.2489624023438
2012-08-27,665.4500122070312,657.5,658.0999755859375,660.2249755859375,967200.0,553.243408203125
2012-08-28,677.3250122070312,657.5,663.4749755859375,675.4500122070312,2266204.0,566.0013427734375
2012-08-29,679.0,667.5,675.0,671.6500244140625,2139290.0,562.8173828125
2012-08-30,694.4000244140625,661.7000122070312,669.9500122070312,683.5750122070312,3333432.0,572.809814453125
2012-08-31,679.5,667.3250122070312,678.5,671.875,1773848.0,563.0056762695312
2012-09-03,677.4500122070312,666.5,675.0,668.9249877929688,1223826.0,560.5336303710938
2012-09-04,673.5,661.0250244140625,666.4500122070312,670.4249877929688,1508018.0,561.7908325195312
2012-09-05,685.5,666.0,669.75,682.25,2028960.0,571.6995239257812
2012-09-06,689.9500122070312,676.8250122070312,682.0499877929688,687.7999877929688,2291684.0,576.3502807617188
2012-09-07,698.4000244140625,689.4500122070312,695.0,693.3499755859375,2636656.0,581.0009155273438
2012-09-10,691.9500122070312,682.9749755859375,691.5999755859375,685.7249755859375,1476024.0,574.6115112304688
2012-09-11,697.7999877929688,682.0250244140625,684.5,696.3250122070312,1274180.0,583.4939575195312
2012-09-12,710.5,694.9500122070312,698.4749755859375,707.4500122070312,2114466.0,592.8163452148438
2012-09-13,711.9749755859375,704.7750244140625,706.5,708.8499755859375,1881210.0,593.9894409179688
2012-09-14,719.9000244140625,701.0750122070312,714.0,706.5499877929688,2814840.0,592.0621337890625
2012-09-17,710.7750244140625,667.75,709.125,671.0499877929688,5094390.0,562.3145751953125
2012-09-18,672.5,646.2750244140625,672.5,649.9000244140625,7220206.0,544.5917358398438
2012-09-20,668.4500122070312,645.7999877929688,647.5,661.0,4042506.0,553.8929443359375
2012-09-21,666.1500244140625,649.1500244140625,662.4500122070312,652.0250244140625,4247758.0,546.3721923828125
2012-09-24,656.5,638.5,655.0,644.7249755859375,4937020.0,540.2552490234375
2012-09-25,654.875,641.1500244140625,645.0499877929688,646.5999755859375,3823694.0,541.826416015625
2012-09-26,652.5,641.0,647.5999755859375,642.7999877929688,3292812.0,538.6419677734375
2012-09-27,649.75,630.5499877929688,640.0499877929688,635.7750244140625,5605398.0,532.75537109375
2012-09-28,652.5,638.25,639.4000244140625,647.9500122070312,2912996.0,542.957275390625
2012-10-01,654.9000244140625,646.5250244140625,647.5,651.4749755859375,1795618.0,545.9114379882812
2012-10-03,662.5,650.5,650.5,661.3250122070312,2318230.0,554.1651000976562
2012-10-04,660.8250122070312,654.3250122070312,660.0,658.5750122070312,1319284.0,551.8609008789062
2012-10-05,659.6749877929688,527.5,655.125,652.0,3836110.0,546.3511962890625
2012-10-08,657.625,642.7249755859375,655.0,646.3499755859375,1685408.0,541.616943359375
2012-10-09,649.4000244140625,642.5,648.9500122070312,647.4249877929688,1291154.0,542.5176391601562
2012-10-10,650.875,642.5,643.0,644.6749877929688,1163978.0,540.213134765625
2012-10-11,650.7750244140625,643.0250244140625,645.125,644.7249755859375,1635526.0,540.2552490234375
2012-10-12,656.8250122070312,636.5999755859375,639.4000244140625,649.2249755859375,2469542.0,544.0259399414062
2012-10-15,651.2000122070312,643.75,647.0,647.3250122070312,814528.0,542.433837890625
2012-10-16,655.0999755859375,643.9000244140625,648.5,647.9500122070312,1282744.0,542.957275390625
2012-10-17,652.4500122070312,636.0,650.6500244140625,641.5750122070312,1597480.0,537.615478515625
2012-10-18,655.5,640.0999755859375,643.125,653.6749877929688,1447128.0,547.7548217773438
2012-10-19,655.7000122070312,641.0,654.5,644.8499755859375,2825616.0,540.3599853515625
2012-10-22,667.4500122070312,651.5,662.5499877929688,659.4500122070312,5397342.0,552.5941162109375
2012-10-23,662.0,655.9500122070312,662.0,657.2999877929688,1136696.0,550.79248046875
2012-10-25,661.9500122070312,652.125,657.5,657.6749877929688,2254470.0,551.1065063476562
2012-10-29,659.9000244140625,650.4000244140625,655.5,654.2000122070312,815628.0,548.1947021484375
2012-10-30,661.0,652.2000122070312,652.2000122070312,655.75,805268.0,549.4935302734375
2012-10-31,658.4000244140625,652.0,654.5499877929688,657.75,999536.0,552.4331665039062
2012-11-01,660.1749877929688,655.0999755859375,657.4500122070312,657.625,1579768.0,552.3282470703125
2012-11-02,669.0,659.2000122070312,662.4500122070312,665.5999755859375,1673974.0,559.0263671875
2012-11-05,671.6749877929688,662.6500244140625,667.9500122070312,664.7999877929688,1223826.0,558.3543090820312
2012-11-06,668.7000122070312,659.7249755859375,662.5,660.2750244140625,1297466.0,554.5538330078125
2012-11-07,666.6749877929688,660.75,662.5,665.75,1058390.0,559.1522827148438
2012-11-08,667.3499755859375,658.2999877929688,662.0,665.5999755859375,1239044.0,559.0263671875
2012-11-09,666.625,660.4500122070312,665.0,662.4749755859375,711382.0,556.4016723632812
2012-11-12,674.0,660.0,660.0,667.25,1466782.0,560.4122314453125
2012-11-15,661.0,645.5,660.0499877929688,647.0750122070312,1735402.0,543.467529296875
2012-11-16,653.4000244140625,640.0499877929688,649.9000244140625,643.4000244140625,1598890.0,540.3807983398438
2012-11-19,647.5,629.25,645.0499877929688,631.1749877929688,1676286.0,530.1134033203125
2012-11-20,641.4500122070312,628.0250244140625,637.5,636.4000244140625,1256040.0,534.5017700195312
2012-11-21,647.3499755859375,638.125,638.125,641.0999755859375,941744.0,538.44921875
2012-11-22,642.0499877929688,635.5,641.0499877929688,638.2249755859375,611624.0,536.034423828125
2012-11-23,645.7000122070312,635.625,641.0,644.2999877929688,749676.0,541.13671875
2012-11-26,647.8499755859375,642.5,644.0,646.8499755859375,456334.0,543.2784423828125
2012-11-27,649.9500122070312,644.1500244140625,649.9500122070312,647.5999755859375,1338160.0,543.9083862304688
2012-11-29,656.0,646.1749877929688,655.0,649.0499877929688,3470578.0,545.1261596679688
2012-11-30,662.5,645.5499877929688,647.5,657.0,3579294.0,551.8032836914062
2012-12-03,661.0,652.5999755859375,657.5,658.4000244140625,1319512.0,552.9791259765625
2012-12-04,660.9000244140625,646.4500122070312,657.5499877929688,649.7249755859375,1595120.0,545.6931762695312
2012-12-05,653.7750244140625,644.2999877929688,650.0,648.9500122070312,1790058.0,545.0422973632812
2012-12-06,647.5,634.5,647.5,640.3499755859375,2370092.0,537.8192138671875
2012-12-07,640.3499755859375,628.5250244140625,638.3250122070312,632.0750122070312,1957214.0,530.869384765625
2012-12-10,633.4000244140625,615.5999755859375,631.0499877929688,618.5999755859375,3029430.0,519.5519409179688
2012-12-11,621.5,605.1749877929688,617.5,609.8499755859375,4926914.0,512.2027587890625
2012-12-12,620.5,610.5499877929688,612.4500122070312,612.9000244140625,2487948.0,514.7644653320312
2012-12-13,617.2999877929688,608.5499877929688,615.0499877929688,611.2750244140625,2297162.0,513.3995971679688
2012-12-14,622.5,608.0750122070312,608.5,621.4500122070312,2196814.0,521.9453735351562
2012-12-17,624.4500122070312,601.0499877929688,619.5750122070312,602.75,4482898.0,506.2397155761719
2012-12-18,612.5,598.5,607.3499755859375,605.3250122070312,4688482.0,508.402099609375
2012-12-19,618.2750244140625,608.0499877929688,608.0499877929688,616.3250122070312,6642060.0,517.64111328125
2012-12-20,627.5,613.5750122070312,613.5750122070312,626.0250244140625,2314030.0,525.7879638671875
2012-12-21,632.2000122070312,618.8499755859375,625.0,629.3499755859375,2457968.0,528.5805053710938
2012-12-24,635.5499877929688,630.0499877929688,631.0,633.0999755859375,1254818.0,531.72998046875
2012-12-26,634.5750122070312,627.6500244140625,633.5,631.0999755859375,1435258.0,530.05029296875
2012-12-27,632.4500122070312,623.8250122070312,632.4500122070312,625.4749755859375,1994158.0,525.3261108398438
2012-12-28,636.0,625.375,627.0,633.75,1501622.0,532.2760009765625
2012-12-31,632.7999877929688,626.0,630.5,627.9249877929688,704170.0,527.3834838867188
2013-01-01,633.9500122070312,630.0,633.4749755859375,632.0750122070312,509580.0,530.869384765625
2013-01-02,636.2000122070312,627.7750244140625,633.5,631.6500244140625,1880246.0,530.5122680664062
2013-01-03,642.0,629.9749755859375,632.5,640.2999877929688,2635130.0,537.7772827148438
2013-01-04,650.5,640.4500122070312,642.5,649.5999755859375,5228760.0,545.5880737304688
2013-01-07,652.0,645.125,650.0,647.4249877929688,1820752.0,543.7614135742188
2013-01-08,652.1500244140625,647.1500244140625,647.5,650.125,2341870.0,546.0291748046875
2013-01-09,653.7000122070312,636.5750122070312,650.5,638.2999877929688,3135898.0,536.097412109375
2013-01-10,641.0499877929688,627.6500244140625,639.9500122070312,629.2000122070312,4522838.0,528.4545288085938
2013-01-11,661.25,645.0,645.0,653.1749877929688,7805006.0,548.5908203125
2013-01-14,674.2249755859375,653.6749877929688,659.5,667.25,5790224.0,560.4122314453125
2013-01-15,700.0,663.5,695.0,668.7249755859375,8262978.0,561.6510009765625
2013-01-16,677.5,654.5,668.4500122070312,673.875,4109492.0,565.9761352539062
2013-01-17,685.9000244140625,671.5,674.8499755859375,681.0,3028544.0,571.9605102539062
2013-01-18,683.0250244140625,669.0250244140625,681.25,675.5,1440470.0,567.3411865234375
2013-01-21,677.4500122070312,663.5499877929688,676.25,665.0,1260038.0,558.5224609375
2013-01-22,665.8499755859375,654.0499877929688,663.0,658.75,1386630.0,553.2730102539062
2013-01-23,661.875,649.2000122070312,657.875,655.9749755859375,1877654.0,552.1997680664062
2013-01-24,668.4500122070312,652.5,652.5,664.2750244140625,3498470.0,559.1867065429688
2013-01-25,672.5,661.875,661.875,670.25,1521100.0,564.2164916992188
2013-01-28,674.9749755859375,668.9749755859375,670.1500244140625,672.5250244140625,2428154.0,566.1318359375
2013-01-29,678.2750244140625,670.1500244140625,670.5999755859375,672.4749755859375,1731804.0,566.0894775390625
2013-01-30,674.9249877929688,667.9000244140625,670.5,673.0750122070312,2279144.0,566.5947265625
2013-01-31,676.2249755859375,663.2000122070312,674.4249877929688,672.0750122070312,4313168.0,565.7527465820312
2013-02-01,676.0,671.0750122070312,672.0,674.0499877929688,1484540.0,567.4154052734375
2013-02-04,683.9000244140625,672.5750122070312,674.5,678.1749877929688,2487304.0,570.8876953125
2013-02-05,682.5,672.5499877929688,672.5499877929688,680.0250244140625,2161994.0,572.4451293945312
2013-02-06,687.9500122070312,681.0,681.25,685.2750244140625,3573706.0,576.864501953125
2013-02-07,695.0,680.5,680.5,693.5750122070312,2612782.0,583.8515014648438
2013-02-08,718.5,692.5499877929688,693.0,711.2999877929688,6973618.0,598.7723999023438
2013-02-11,714.4500122070312,706.125,712.0,707.3499755859375,2312126.0,595.4472045898438
2013-02-12,707.5,700.9249877929688,704.5250244140625,705.0250244140625,2225502.0,593.4900512695312
2013-02-13,720.8250122070312,702.5499877929688,704.9000244140625,717.7000122070312,3822666.0,604.1599731445312
2013-02-14,727.9000244140625,714.5,715.0499877929688,723.8499755859375,2946958.0,609.3369750976562
2013-02-15,725.9000244140625,715.3250122070312,722.0,721.0750122070312,1820790.0,607.0009155273438
2013-02-18,720.9500122070312,710.0,720.0499877929688,712.6749877929688,952086.0,599.9300537109375
2013-02-19,724.4500122070312,706.3499755859375,710.7999877929688,721.7750244140625,744294.0,607.590087890625
2013-02-20,728.5,720.75,720.75,726.4000244140625,2261518.0,611.4834594726562
2013-02-21,728.4249877929688,720.3499755859375,720.3499755859375,725.5250244140625,3849146.0,610.7469482421875
2013-02-22,732.0250244140625,721.1500244140625,725.0,727.5499877929688,1310694.0,612.4515991210938
2013-02-25,737.5,725.75,726.5,736.8499755859375,1730030.0,620.2804565429688
2013-02-26,749.9749755859375,733.0,733.5,748.2000122070312,2853670.0,629.8348388671875
2013-02-27,751.5250244140625,738.6500244140625,747.625,741.5999755859375,2556682.0,624.27880859375
2013-02-28,762.5,742.625,743.125,758.5,4599424.0,638.5053100585938
2013-03-01,758.0,749.0,757.5499877929688,750.9249877929688,2537326.0,632.1288452148438
2013-03-04,759.9500122070312,745.5,745.5,756.5999755859375,3136076.0,636.90576171875
2013-03-05,771.5,754.2999877929688,758.5,770.0750122070312,3440054.0,648.2493286132812
2013-03-06,782.75,768.0750122070312,768.0750122070312,780.5999755859375,2299510.0,657.1090698242188
2013-03-07,798.7999877929688,779.6749877929688,780.5,794.9500122070312,3908702.0,669.1887817382812
2013-03-08,797.8250122070312,787.4500122070312,795.0,791.5750122070312,4341502.0,666.3479614257812
2013-03-11,794.7750244140625,778.3250122070312,787.5,783.0999755859375,2221330.0,659.2135620117188
2013-03-12,783.9749755859375,774.0,779.0,780.25,1809452.0,656.8145751953125
2013-03-13,779.3499755859375,774.0,778.0250244140625,775.8499755859375,1794496.0,653.110595703125
2013-03-14,788.5,771.9000244140625,778.5,783.8499755859375,3051218.0,659.8450927734375
2013-03-15,790.2000122070312,780.2999877929688,786.0,785.125,4212398.0,660.9183349609375
2013-03-18,786.8250122070312,777.2000122070312,779.9249877929688,783.4749755859375,1694988.0,659.5292358398438
2013-03-19,782.25,770.2249755859375,782.25,773.375,3739910.0,651.027099609375
2013-03-20,786.3250122070312,769.9749755859375,770.0,778.8250122070312,4168136.0,655.6149291992188
2013-03-21,787.2000122070312,776.8499755859375,781.5,779.9749755859375,1664604.0,656.5830078125
2013-03-22,781.0499877929688,766.0,780.7000122070312,771.0750122070312,2714456.0,649.0910034179688
2013-03-25,776.0,764.2000122070312,774.25,771.6749877929688,1857316.0,649.5960693359375
2013-03-26,785.0,768.0750122070312,770.0499877929688,778.1749877929688,1781536.0,655.0677490234375
2013-03-28,791.7000122070312,770.8250122070312,778.0,787.875,3065662.0,663.2332153320312
2013-04-01,786.8499755859375,775.625,782.5,778.4249877929688,968812.0,655.2782592773438
2013-04-02,785.5999755859375,770.625,778.0,783.6749877929688,1130332.0,659.6976318359375
2013-04-03,787.5,765.5,785.0,771.7000122070312,959932.0,649.6171875
2013-04-04,770.0499877929688,750.5,770.0499877929688,753.9000244140625,1126338.0,634.6331787109375
2013-04-05,754.6749877929688,742.0499877929688,752.5,749.1749877929688,1865248.0,630.6554565429688
2013-04-08,749.4500122070312,737.5,749.4500122070312,740.375,896416.0,623.247802734375
2013-04-09,756.5,738.7999877929688,740.0,748.7000122070312,1672354.0,630.2557983398438
2013-04-10,769.4500122070312,750.5,754.9500122070312,765.2249755859375,2046284.0,644.1664428710938
2013-04-11,775.0499877929688,760.3499755859375,770.0,768.4500122070312,2244658.0,646.88134765625
2013-04-12,762.25,739.1749877929688,740.9500122070312,755.875,5032060.0,636.2955932617188
2013-04-15,757.0,724.1749877929688,756.75,736.2249755859375,5391496.0,619.7542724609375
2013-04-16,746.7249755859375,728.9749755859375,735.0,741.5750122070312,3071582.0,624.2578125
2013-04-17,749.5,715.5,747.5,728.3250122070312,5279004.0,613.1041259765625
2013-04-18,747.4500122070312,713.7249755859375,743.9749755859375,726.375,8554458.0,611.46240234375
2013-04-22,729.9000244140625,712.5,723.0,712.6500244140625,2962484.0,599.9088134765625
2013-04-23,724.0,712.0,712.2249755859375,715.2750244140625,3384170.0,602.1185913085938
2013-04-25,715.2750244140625,699.3250122070312,715.2750244140625,701.1500244140625,7929194.0,590.2281494140625
2013-04-26,696.7249755859375,682.5499877929688,696.5,684.6749877929688,4754076.0,576.3594360351562
2013-04-29,692.3499755859375,682.5,682.5,685.375,3968916.0,576.94873046875
2013-04-30,691.0,682.5,684.0,689.2000122070312,4020570.0,580.1685180664062
2013-05-02,719.4000244140625,686.75,686.75,716.9500122070312,5630326.0,603.5284423828125
2013-05-03,723.625,703.9500122070312,713.0,709.25,3641790.0,597.046630859375
2013-05-06,736.2000122070312,710.0,710.0,733.5999755859375,3727118.0,617.5446166992188
2013-05-07,739.4249877929688,728.7000122070312,733.5499877929688,735.7999877929688,2260180.0,619.3966064453125
2013-05-08,743.9000244140625,735.0,736.0,740.0499877929688,1768130.0,622.97412109375
2013-05-09,751.7249755859375,741.5,741.5999755859375,749.2249755859375,1949700.0,630.6975708007812
2013-05-10,755.4500122070312,745.5499877929688,749.2249755859375,747.9500122070312,1139714.0,629.6244506835938
2013-05-13,740.5,722.8499755859375,740.0,725.7999877929688,1862498.0,610.9784545898438
2013-05-14,735.2750244140625,721.875,727.5499877929688,728.9749755859375,2250100.0,613.6511840820312
2013-05-15,738.5999755859375,725.0,729.0499877929688,735.7750244140625,3565926.0,619.3753662109375
2013-05-16,734.5,723.7249755859375,734.5,727.0250244140625,2415652.0,612.0098266601562
2013-05-17,739.25,727.0499877929688,727.5,736.9000244140625,2900200.0,620.3223876953125
2013-05-20,739.0,730.5,735.625,736.2000122070312,1385504.0,619.7332153320312
2013-05-21,751.0,732.5,732.5,746.4249877929688,1898432.0,628.3405151367188
2013-05-22,754.5750122070312,746.1500244140625,749.0,749.2000122070312,1846944.0,630.6766967773438
2013-05-23,763.375,739.1749877929688,747.5,746.3499755859375,3063962.0,628.27734375
2013-05-24,751.4749755859375,731.7999877929688,750.0,734.7750244140625,1586612.0,618.5335693359375
2013-05-27,750.0,730.0,734.75,749.0,2023864.0,630.508056640625
2013-05-28,758.25,745.1500244140625,749.0,757.0499877929688,1400254.0,637.2847900390625
2013-05-29,763.75,742.5499877929688,758.0,748.6749877929688,1452038.0,630.2347412109375
2013-05-30,756.0,743.5,750.0,749.7000122070312,2408346.0,631.0975341796875
2013-05-31,754.625,738.375,745.5,749.2249755859375,1929868.0,630.6975708007812
2013-06-03,753.5,728.5499877929688,752.0,734.7000122070312,3097612.0,618.4705200195312
2013-06-04,736.9500122070312,725.0750122070312,730.0,732.6749877929688,1305320.0,616.7656860351562
2013-06-05,736.3250122070312,726.3499755859375,730.5499877929688,733.9000244140625,1728676.0,617.7970581054688
2013-06-06,739.25,726.0250244140625,726.8499755859375,735.375,2540452.0,624.5704345703125
2013-06-07,769.5,734.0,735.0499877929688,759.4749755859375,3550844.0,645.0390014648438
2013-06-10,772.3499755859375,759.5499877929688,762.5250244140625,762.5250244140625,3360430.0,647.6295166015625
2013-06-11,771.0,746.0,765.0999755859375,750.7750244140625,2205468.0,637.64990234375
2013-06-12,747.5499877929688,731.0250244140625,747.0499877929688,734.0499877929688,4805954.0,623.4449462890625
2013-06-13,732.0,717.5499877929688,730.0,722.8250122070312,3151342.0,613.91162109375
2013-06-14,728.625,715.5,724.0,725.3499755859375,3105996.0,616.0559692382812
2013-06-17,732.5,714.0,726.5,726.2249755859375,2584162.0,616.7991333007812
2013-06-18,730.0,720.0750122070312,727.5,721.9000244140625,2291528.0,613.1258544921875
2013-06-19,727.4500122070312,711.7750244140625,727.4500122070312,713.8499755859375,2139788.0,606.2886352539062
2013-06-20,716.5750122070312,699.5499877929688,710.5,702.25,4172878.0,596.4366455078125
2013-06-21,715.9249877929688,704.0,704.4000244140625,711.125,2848224.0,603.9742431640625
2013-06-24,717.0499877929688,700.0499877929688,707.5,705.3499755859375,1889164.0,599.0694580078125
2013-06-25,713.5499877929688,690.3499755859375,706.75,696.1500244140625,1860548.0,591.2557373046875
2013-06-26,723.875,690.5250244140625,698.4500122070312,718.8499755859375,2326488.0,610.5354614257812
2013-06-27,748.5,721.0,723.9000244140625,745.9500122070312,3820678.0,633.5519409179688
2013-06-28,762.1500244140625,729.0999755859375,747.5,759.0750122070312,4817096.0,644.6993408203125
2013-07-01,758.3499755859375,741.7000122070312,756.0,746.1749877929688,1354652.0,633.7430419921875
2013-07-02,754.25,743.3250122070312,746.5499877929688,750.2750244140625,1657242.0,637.2252807617188
2013-07-03,759.5,732.5,748.8499755859375,744.9000244140625,1530906.0,632.6600952148438
2013-07-04,770.5,745.0,745.4249877929688,769.1500244140625,1917060.0,653.2562255859375
2013-07-05,779.0,761.0,771.0,765.0999755859375,1293012.0,649.8165893554688
2013-07-08,767.5,750.0,764.0,753.3250122070312,1658796.0,639.815673828125
2013-07-09,760.875,747.6500244140625,747.6500244140625,752.4500122070312,1097326.0,639.0725708007812
2013-07-10,763.4000244140625,749.0,755.0,755.9749755859375,1322624.0,642.06640625
2013-07-11,785.0,760.0,760.0,782.2750244140625,2335274.0,664.4035034179688
2013-07-12,812.4000244140625,789.6500244140625,797.5,804.9249877929688,3251536.0,683.6406860351562
2013-07-15,823.6500244140625,799.6500244140625,800.5499877929688,820.875,2060570.0,697.1874389648438
2013-07-16,833.1749877929688,808.7999877929688,812.5,824.6749877929688,2224986.0,700.4149169921875
2013-07-17,842.4749755859375,822.5250244140625,822.5250244140625,839.25,2999250.0,712.7936401367188
2013-07-18,846.1500244140625,822.0,840.0,830.2000122070312,3445532.0,705.1072998046875
2013-07-19,879.5,850.0,859.5,871.4000244140625,8550804.0,740.0994873046875
2013-07-22,879.4000244140625,864.1500244140625,870.5,873.25,2974772.0,741.6707763671875
2013-07-23,890.2249755859375,871.7999877929688,874.0,874.9000244140625,1646502.0,743.0722045898438
2013-07-24,896.0,872.5,874.25,891.4000244140625,2181644.0,757.0858764648438
2013-07-25,905.0,883.3499755859375,890.0,897.875,4088808.0,762.5853881835938
2013-07-26,899.4749755859375,875.0499877929688,897.5,887.25,2379064.0,753.5609741210938
2013-07-29,897.2999877929688,878.625,879.0,889.5999755859375,1774262.0,757.2639770507812
2013-07-30,902.4749755859375,887.7249755859375,890.0,896.1500244140625,2617484.0,762.8396606445312
2013-07-31,915.75,894.7249755859375,895.0,907.75,2826750.0,772.7141723632812
2013-08-01,917.4000244140625,895.0,905.0250244140625,907.7000122070312,2141178.0,772.6714477539062
2013-08-02,924.9500122070312,908.3499755859375,909.8499755859375,922.9249877929688,1846854.0,785.6317138671875
2013-08-05,938.7000122070312,920.0,920.0,933.5999755859375,2355184.0,794.7186279296875
2013-08-06,940.9749755859375,932.3250122070312,936.5,935.0499877929688,2305290.0,795.9530029296875
2013-08-07,945.4500122070312,906.7249755859375,937.0,911.3499755859375,2694980.0,775.778564453125
2013-08-08,928.0750122070312,891.8499755859375,902.5499877929688,922.7000122070312,2158628.0,785.4402465820312
2013-08-12,920.5,904.0750122070312,920.5,907.0,2077574.0,772.0756225585938
2013-08-13,922.4249877929688,904.9749755859375,910.0999755859375,909.9000244140625,2168296.0,774.5441284179688
2013-08-14,929.0,901.0,912.25,916.75,3302068.0,780.3753662109375
2013-08-16,915.0,877.7750244140625,912.0999755859375,890.4500122070312,2779930.0,757.987548828125
2013-08-19,903.5,877.7750244140625,899.0,888.7249755859375,2121352.0,756.5191650390625
2013-08-20,894.9000244140625,865.0,894.9000244140625,868.2000122070312,2724844.0,739.047607421875
2013-08-21,871.8499755859375,850.5750122070312,870.0499877929688,858.9000244140625,3623994.0,731.1309814453125
2013-08-22,898.5750122070312,847.5999755859375,852.5,889.4749755859375,4260988.0,757.15771484375
2013-08-23,919.0,892.1500244140625,897.0,914.7249755859375,4032884.0,778.6514892578125
2013-08-26,939.2999877929688,907.0,911.5499877929688,921.0,2663238.0,783.9931640625
2013-08-27,939.4249877929688,915.0,919.5,919.4000244140625,1945284.0,782.6310424804688
2013-08-28,973.0499877929688,914.0,914.0,953.9500122070312,4444684.0,812.0415649414062
2013-08-29,985.0,939.1500244140625,950.5,973.5499877929688,5905182.0,828.7257690429688
2013-08-30,1025.0,965.0,969.5,1016.5999755859375,5282942.0,865.3715209960938
2013-09-02,1034.5,1008.75,1010.0,1028.425048828125,2154034.0,875.4376220703125
2013-09-03,1033.5,993.0750122070312,1025.050048828125,1000.5499877929688,2355064.0,851.7091674804688
2013-09-04,1039.4000244140625,996.9749755859375,1000.0,1034.550048828125,2626516.0,880.651611328125
2013-09-05,1034.5,990.5250244140625,1034.5,995.375,3927492.0,847.3042602539062
2013-09-06,1012.5,987.5,1004.5,994.4000244140625,2759596.0,846.4741821289062
2013-09-10,1008.3499755859375,990.5,993.0,993.9500122070312,4300972.0,846.0911254882812
2013-09-11,1009.0,991.75,1004.0,996.9000244140625,3008494.0,848.6024780273438
2013-09-12,999.2750244140625,972.9000244140625,997.5,983.9500122070312,1905568.0,837.5787353515625
2013-09-13,995.0,973.2750244140625,982.5,976.875,2096320.0,831.55615234375
2013-09-16,992.5,947.0250244140625,975.0,951.2750244140625,2460506.0,809.7643432617188
2013-09-17,976.2750244140625,948.5499877929688,950.0,973.7249755859375,3327816.0,828.8746948242188
2013-09-18,982.4000244140625,968.9500122070312,971.0250244140625,977.25,2109818.0,831.8754272460938
2013-09-19,995.0,963.25,974.0,983.1500244140625,3907240.0,836.8977661132812
2013-09-20,994.9500122070312,970.5,975.0,975.1500244140625,3591858.0,830.0878295898438
2013-09-23,988.5999755859375,970.0,975.0,977.5499877929688,2988758.0,832.1306762695312
2013-09-24,988.9500122070312,963.0,977.5,969.75,4940300.0,825.4911499023438
2013-09-25,985.4749755859375,960.0999755859375,970.75,979.5250244140625,4333858.0,833.81201171875
2013-09-26,987.0499877929688,967.5499877929688,977.4000244140625,971.4500122070312,4919704.0,826.9381713867188
2013-09-27,980.9749755859375,968.7249755859375,971.5499877929688,974.0499877929688,1784666.0,829.1513671875
2013-09-30,980.9249877929688,960.0,977.0,963.9000244140625,1987350.0,820.5113525390625
2013-10-01,977.4249877929688,958.3499755859375,966.0,974.5250244140625,1591994.0,829.5558471679688
2013-10-03,1018.4500122070312,980.2000122070312,985.9000244140625,1012.2999877929688,4672354.0,861.7112426757812
2013-10-04,1034.5,1013.4749755859375,1016.0,1016.7999877929688,1934032.0,865.5419921875
2013-10-07,1048.8499755859375,1012.6500244140625,1017.5,1044.875,1993878.0,889.4404907226562
2013-10-08,1049.0,1028.2750244140625,1041.5,1030.7249755859375,1828106.0,877.3955078125
2013-10-09,1048.824951171875,1022.5499877929688,1027.75,1045.425048828125,1775858.0,889.9088134765625
2013-10-10,1049.0,1033.625,1044.0,1040.0,1164320.0,885.2905883789062
2013-10-11,1069.0,1041.199951171875,1051.5,1061.0250244140625,2284448.0,903.1880493164062
2013-10-14,1112.5,1062.5,1063.75,1106.375,4374460.0,941.7916870117188
2013-10-15,1129.425048828125,1100.5,1117.5,1107.699951171875,4665092.0,942.9196166992188
2013-10-17,1115.0,1047.8499755859375,1115.0,1054.2249755859375,6687214.0,897.3997802734375
2013-10-18,1066.9000244140625,1030.7750244140625,1052.4000244140625,1060.324951171875,5346166.0,902.5919799804688
2013-10-21,1063.9749755859375,1025.0,1062.5,1035.824951171875,3685372.0,881.7366333007812
2013-10-22,1053.824951171875,1038.425048828125,1044.0,1044.675048828125,2044614.0,889.2703247070312
2013-10-23,1051.5,1023.0750122070312,1044.25,1030.574951171875,2455496.0,877.2677001953125
2013-10-24,1041.175048828125,1000.9249877929688,1021.0,1004.3499755859375,3617758.0,854.9440307617188
2013-10-25,1036.0,997.5,997.5,1033.875,2527402.0,881.8329467773438
2013-10-28,1044.9000244140625,1026.2750244140625,1034.0,1031.9749755859375,1803942.0,880.2122192382812
2013-10-29,1042.9000244140625,1023.9500122070312,1032.5,1034.9000244140625,1829076.0,882.7072143554688
2013-10-30,1050.0,1035.125,1035.125,1045.9749755859375,2114874.0,892.1533203125
2013-10-31,1064.5,1039.699951171875,1044.5,1056.0250244140625,3523076.0,900.7256469726562
2013-11-01,1070.9749755859375,1045.550048828125,1055.0,1048.800048828125,1346480.0,894.5632934570312
2013-11-05,1052.5,1015.8499755859375,1050.0,1021.0,2261286.0,870.8513793945312
2013-11-06,1051.7750244140625,1029.5250244140625,1031.5,1045.550048828125,1667750.0,891.791015625
2013-11-07,1074.074951171875,1040.1500244140625,1050.0,1060.9749755859375,1956948.0,904.9476318359375
2013-11-08,1065.875,1035.5999755859375,1065.0,1045.425048828125,1609346.0,891.6844482421875
2013-11-11,1070.0,1025.0,1045.0,1047.324951171875,1961138.0,893.3048706054688
2013-11-12,1060.8499755859375,1039.5,1048.425048828125,1043.574951171875,1000682.0,890.1063842773438
2013-11-13,1053.0999755859375,1021.8250122070312,1049.4749755859375,1024.5,1208338.0,873.8365478515625
2013-11-14,1036.0,1010.9249877929688,1036.0,1013.0999755859375,2129704.0,864.113037109375
2013-11-18,1029.949951171875,1016.125,1023.0,1022.0,2831602.0,871.704345703125
2013-11-19,1027.5,1010.5999755859375,1024.9749755859375,1014.9500122070312,2077864.0,865.6911010742188
2013-11-20,1024.949951171875,1008.5,1023.4249877929688,1011.7999877929688,1658696.0,863.00439453125
2013-11-21,1017.3499755859375,990.0,1011.5999755859375,993.2999877929688,2302882.0,847.2247924804688
2013-11-22,1005.5,992.5499877929688,995.5,1000.4249877929688,1494494.0,853.3020629882812
2013-11-25,1013.4249877929688,996.5499877929688,1004.0,1006.625,1950998.0,858.59033203125
2013-11-26,1008.2249755859375,993.5,1001.5499877929688,996.8499755859375,2047412.0,850.2528076171875
2013-11-27,1006.8499755859375,987.5,1004.5,993.2249755859375,2120978.0,847.160888671875
2013-11-28,998.2750244140625,985.0,996.5499877929688,992.2999877929688,2805722.0,846.3718872070312
2013-11-29,1007.3499755859375,990.9000244140625,996.0,1002.1749877929688,1924812.0,854.7948608398438
2013-12-02,1010.5,997.5,997.5,1006.9500122070312,1253260.0,858.867431640625
2013-12-03,1021.0,1007.5250244140625,1008.0250244140625,1010.4000244140625,1449184.0,861.8101806640625
2013-12-04,1015.7999877929688,996.8250122070312,1009.9500122070312,1000.0250244140625,1519036.0,852.9608154296875
2013-12-05,1016.7750244140625,991.5250244140625,1008.0,993.5750122070312,1397190.0,847.45947265625
2013-12-06,1005.0,995.5,995.5,1000.1500244140625,1446962.0,853.067626953125
2013-12-09,1014.9749755859375,1000.0,1014.5,1002.4249877929688,1826340.0,855.008056640625
2013-12-10,1044.5,1000.0,1000.0,1041.375,3653334.0,888.22998046875
2013-12-11,1043.425048828125,1021.5,1039.5,1029.0250244140625,1556062.0,877.6961669921875
2013-12-12,1032.0,1012.5499877929688,1022.5,1014.4500122070312,1655964.0,865.2645874023438
2013-12-13,1022.5,997.5,1018.9749755859375,1000.9000244140625,3463350.0,853.707275390625
2013-12-16,1019.9000244140625,1002.5750122070312,1006.8499755859375,1009.5750122070312,2858500.0,861.1064453125
2013-12-17,1032.925048828125,1015.0,1015.7999877929688,1022.6749877929688,2995474.0,872.280029296875
2013-12-18,1035.5,1019.0,1020.0,1027.9000244140625,1587990.0,876.7366943359375
2013-12-19,1055.0,1031.324951171875,1037.9749755859375,1040.75,2161986.0,887.6968994140625
2013-12-20,1065.0,1042.925048828125,1044.050048828125,1060.2750244140625,1965812.0,904.3505859375
2013-12-23,1071.7249755859375,1048.9749755859375,1064.9749755859375,1054.5250244140625,1321224.0,899.4459838867188
2013-12-24,1064.5,1052.125,1059.9000244140625,1055.3499755859375,870156.0,900.1498413085938
2013-12-26,1058.5,1045.7249755859375,1057.5,1050.1500244140625,2297194.0,895.7146606445312
2013-12-27,1084.949951171875,1052.5,1053.5,1080.324951171875,2479946.0,921.4519653320312
2013-12-30,1087.625,1073.3499755859375,1085.0,1078.0250244140625,1668776.0,919.4901733398438
2013-12-31,1092.4749755859375,1075.449951171875,1080.050048828125,1086.0250244140625,1245776.0,926.313720703125
2014-01-01,1092.25,1075.550048828125,1090.050048828125,1076.6500244140625,529952.0,918.3173217773438
2014-01-02,1094.5,1078.074951171875,1083.0,1083.5,1726948.0,924.16015625
2014-01-03,1114.550048828125,1073.625,1082.3499755859375,1111.0999755859375,2618174.0,947.701171875
2014-01-06,1122.0,1098.5,1114.5,1119.800048828125,2311810.0,955.1220092773438
2014-01-07,1128.2249755859375,1099.5,1120.0,1103.074951171875,2897486.0,940.8563232421875
2014-01-08,1122.0,1105.0,1106.0,1116.324951171875,2550020.0,952.157958984375
2014-01-09,1127.75,1111.050048828125,1114.375,1120.9749755859375,2582206.0,956.1239624023438
2014-01-10,1154.9000244140625,1117.5,1130.0,1140.449951171875,3369334.0,972.7348022460938
2014-01-13,1192.0,1142.5,1142.5,1184.375,3814316.0,1010.2003173828125
2014-01-14,1192.4000244140625,1160.0,1186.0,1163.375,2974964.0,992.2885131835938
2014-01-15,1189.0999755859375,1163.5,1171.2249755859375,1176.800048828125,3048854.0,1003.7392578125
2014-01-16,1190.050048828125,1162.5,1190.0,1175.1500244140625,2997962.0,1002.3323364257812
2014-01-17,1149.0,1103.0250244140625,1149.0,1106.5250244140625,7564756.0,943.7989501953125
2014-01-20,1175.0,1107.75,1109.4749755859375,1169.0999755859375,6010558.0,997.1716918945312
2014-01-21,1169.625,1137.550048828125,1167.0,1140.1500244140625,3132282.0,972.4789428710938
2014-01-22,1148.425048828125,1132.050048828125,1143.550048828125,1137.0250244140625,2384030.0,969.8134765625
2014-01-23,1138.3499755859375,1118.6500244140625,1134.050048828125,1126.2249755859375,2290762.0,960.6016235351562
2014-01-24,1141.625,1117.5,1122.0,1124.3499755859375,1850266.0,959.0025634765625
2014-01-27,1129.75,1110.050048828125,1113.0,1114.800048828125,2532948.0,952.5513916015625
2014-01-28,1123.925048828125,1098.050048828125,1116.0,1106.175048828125,2852166.0,945.1820068359375
2014-01-29,1120.0,1102.5,1120.0,1104.9000244140625,1698076.0,944.09228515625
2014-01-30,1113.5,1095.0,1099.0250244140625,1108.800048828125,2225250.0,947.4246826171875
2014-01-31,1134.9000244140625,1110.5,1112.550048828125,1120.5250244140625,2174246.0,957.4430541992188
2014-02-03,1122.125,1095.4000244140625,1111.0,1097.2249755859375,1362480.0,937.5343017578125
2014-02-04,1087.5,1056.0250244140625,1087.0,1075.675048828125,2694166.0,919.1210327148438
2014-02-05,1100.0,1070.0,1081.9000244140625,1097.199951171875,1853650.0,937.512939453125
2014-02-06,1094.949951171875,1072.5,1090.0,1087.625,1922652.0,929.331298828125
2014-02-07,1097.5,1065.5,1095.0,1072.199951171875,1990912.0,916.1514892578125
2014-02-10,1072.0,1042.550048828125,1072.0,1046.7750244140625,4019270.0,894.4268798828125
2014-02-11,1063.25,1048.0,1050.0,1050.8499755859375,3568786.0,897.90869140625
2014-02-12,1061.800048828125,1047.5,1059.0,1052.7249755859375,3074348.0,899.5108642578125
2014-02-13,1069.199951171875,1048.25,1053.5,1066.875,2094350.0,911.6015625
2014-02-14,1092.375,1064.050048828125,1068.949951171875,1083.949951171875,1910062.0,926.1913452148438
2014-02-17,1093.0,1073.5999755859375,1080.0,1082.699951171875,1670394.0,925.1231079101562
2014-02-18,1095.5,1077.925048828125,1082.5,1083.0,1526916.0,925.3795166015625
2014-02-19,1107.5,1081.125,1085.0,1098.9749755859375,1072918.0,939.029541015625
2014-02-20,1111.0,1091.4000244140625,1103.0,1094.675048828125,1587924.0,935.3554077148438
2014-02-21,1106.5,1095.375,1099.0,1102.8499755859375,1717860.0,942.3408203125
2014-02-24,1102.625,1085.050048828125,1102.0,1088.949951171875,2450424.0,930.463623046875
2014-02-25,1099.75,1090.0,1094.5,1094.449951171875,3305374.0,935.1631469726562
2014-02-26,1097.5,1088.574951171875,1097.0,1091.074951171875,3859712.0,932.2791748046875
2014-02-28,1140.0,1080.074951171875,1080.5,1137.875,3988192.0,972.2680053710938
2014-03-03,1149.5,1114.0,1135.9000244140625,1120.0250244140625,1606078.0,957.0159912109375
2014-03-04,1127.0,1112.0,1116.5999755859375,1120.324951171875,2030332.0,957.2723388671875
2014-03-05,1143.125,1121.2750244140625,1127.425048828125,1125.949951171875,2302006.0,962.0789794921875
2014-03-06,1130.0,1116.074951171875,1126.425048828125,1120.375,1314562.0,957.31494140625
2014-03-07,1125.0250244140625,1076.4000244140625,1122.75,1114.25,4698472.0,952.0816040039062
2014-03-10,1114.25,1067.5,1114.050048828125,1071.324951171875,3829768.0,915.40380859375
2014-03-11,1088.824951171875,1061.0,1077.5,1075.824951171875,2550254.0,919.2489013671875
2014-03-12,1094.875,1076.5,1076.5,1089.7249755859375,1669788.0,931.1259765625
2014-03-13,1101.0,1068.425048828125,1074.0250244140625,1074.7750244140625,2019884.0,918.3515625
2014-03-14,1080.25,1062.1500244140625,1070.5,1069.7750244140625,2161246.0,914.0795288085938
2014-03-18,1075.9000244140625,1052.125,1067.75,1061.0,2565842.0,906.5814819335938
2014-03-19,1037.5,1006.5250244140625,1037.5,1019.7000122070312,8652662.0,871.2922973632812
2014-03-20,1061.449951171875,1005.7000122070312,1019.0,1054.0999755859375,5728956.0,900.6857299804688
2014-03-21,1072.5,1042.5,1062.5,1063.5,4680776.0,908.7174072265625
2014-03-24,1078.9749755859375,1063.074951171875,1068.4749755859375,1076.300048828125,2183014.0,919.65478515625
2014-03-25,1086.0,1065.0,1072.0,1073.324951171875,2249968.0,917.11279296875
2014-03-26,1079.25,1043.7750244140625,1074.0250244140625,1046.75,3192350.0,894.4053955078125
2014-03-27,1057.5,1032.5250244140625,1050.4749755859375,1047.125,5012476.0,894.7258911132812
2014-03-28,1061.425048828125,1040.0250244140625,1048.5,1051.050048828125,2971162.0,898.0797729492188
2014-03-31,1072.4749755859375,1041.0,1052.0,1066.574951171875,2683268.0,911.34521484375
2014-04-01,1092.5,1072.449951171875,1072.5,1088.3499755859375,2755932.0,929.9509887695312
2014-04-02,1101.0,1080.5250244140625,1095.0,1086.125,3763016.0,928.0499267578125
2014-04-03,1091.0,1073.800048828125,1086.425048828125,1083.25,1581194.0,925.5936279296875
2014-04-04,1093.5,1065.0,1086.0,1069.425048828125,1694656.0,913.7802734375
2014-04-07,1082.9749755859375,1060.3499755859375,1065.050048828125,1076.9000244140625,2594986.0,920.167236328125
2014-04-09,1081.0,1052.5,1076.0,1070.199951171875,3350500.0,914.4425048828125
2014-04-10,1074.324951171875,1057.5999755859375,1070.199951171875,1063.074951171875,2152886.0,908.3546142578125
2014-04-11,1087.449951171875,1050.0,1059.0,1082.050048828125,2340742.0,924.5679931640625
2014-04-15,1129.0,1087.0250244140625,1090.5,1126.375,3597244.0,962.4415893554688
2014-04-16,1132.0,1092.0999755859375,1132.0,1098.1500244140625,3475910.0,938.3248291015625
2014-04-17,1113.5,1071.3499755859375,1110.0,1111.449951171875,7681438.0,949.6889038085938
2014-04-21,1121.449951171875,1105.6500244140625,1110.0,1110.875,1842594.0,949.197509765625
2014-04-22,1124.949951171875,1109.949951171875,1116.9749755859375,1110.5250244140625,1486274.0,948.8987426757812
2014-04-23,1121.949951171875,1100.550048828125,1115.699951171875,1106.875,1938992.0,945.780029296875
2014-04-24,1106.875,1106.875,1106.875,1106.875,0.0,945.780029296875
2014-04-25,1117.5,1096.5999755859375,1113.5,1102.625,3160448.0,942.1484375
2014-04-28,1111.3499755859375,1090.050048828125,1102.625,1095.675048828125,2550766.0,936.2097778320312
2014-04-29,1103.175048828125,1088.449951171875,1093.0,1097.125,1846180.0,937.4490356445312
2014-04-30,1102.800048828125,1090.5,1092.550048828125,1094.5999755859375,2397378.0,935.29150390625
2014-05-02,1109.949951171875,1090.625,1090.625,1104.2249755859375,1917778.0,943.515625
2014-05-05,1114.5,1102.074951171875,1105.4000244140625,1106.8499755859375,1314478.0,945.75830078125
2014-05-06,1110.800048828125,1095.0,1106.8499755859375,1099.449951171875,961232.0,939.435546875
2014-05-07,1101.5,1070.050048828125,1095.5250244140625,1082.7750244140625,4716182.0,925.1875
2014-05-08,1090.9000244140625,1073.824951171875,1082.550048828125,1081.0250244140625,2606900.0,923.692138671875
2014-05-09,1092.3499755859375,1076.0,1076.0,1079.949951171875,1799440.0,922.7733764648438
2014-05-12,1083.3499755859375,1061.574951171875,1076.5,1079.675048828125,2886064.0,922.53857421875
2014-05-13,1119.5,1082.9000244140625,1082.9000244140625,1105.4749755859375,2547484.0,944.5838012695312
2014-05-14,1118.8499755859375,1100.550048828125,1107.199951171875,1108.050048828125,1389228.0,946.7838134765625
2014-05-15,1112.5,1085.574951171875,1108.050048828125,1096.574951171875,2520196.0,936.978759765625
2014-05-16,1126.699951171875,1050.125,1100.0250244140625,1080.375,5241798.0,923.1365966796875
2014-05-19,1080.0,999.75,1075.0,1018.3499755859375,6516606.0,870.1387329101562
2014-05-20,1080.0,1014.0,1014.0,1034.0999755859375,4702114.0,883.596435546875
2014-05-21,1044.5,1027.9000244140625,1030.5999755859375,1041.425048828125,4116946.0,889.85546875
2014-05-22,1062.0,1037.550048828125,1048.375,1055.9749755859375,4216842.0,902.2876586914062
2014-05-23,1074.5,1048.0,1059.5,1063.949951171875,3094780.0,909.1019897460938
2014-05-26,1084.800048828125,1066.800048828125,1074.5,1077.0,2650850.0,920.2527465820312
2014-05-27,1092.300048828125,1059.0,1080.074951171875,1065.7249755859375,1795094.0,910.618896484375
2014-05-28,1079.375,1061.2249755859375,1070.0,1075.2750244140625,1887488.0,918.77880859375
2014-05-29,1090.0,1067.5999755859375,1072.5,1079.9749755859375,2820710.0,922.794921875
2014-05-30,1083.5,1065.074951171875,1079.4000244140625,1070.675048828125,2585648.0,914.848388671875
2014-06-02,1078.875,1058.0250244140625,1072.0,1064.925048828125,1095158.0,909.9351806640625
2014-06-03,1069.0,1052.5999755859375,1064.925048828125,1064.300048828125,2484628.0,909.4010620117188
2014-06-04,1067.449951171875,1038.5,1065.0,1044.625,2141062.0,892.5896606445312
2014-06-05,1058.199951171875,1034.0,1041.550048828125,1052.074951171875,4348470.0,898.9553833007812
2014-06-06,1053.9000244140625,1028.0,1050.074951171875,1042.125,3361586.0,898.9987182617188
2014-06-09,1059.0,1040.0,1043.5,1056.9000244140625,2666196.0,911.744384765625
2014-06-10,1080.4749755859375,1057.5,1057.5,1079.074951171875,2628068.0,930.8736572265625
2014-06-11,1107.0,1069.0999755859375,1082.5,1103.4749755859375,3544562.0,951.922607421875
2014-06-12,1127.0,1091.9000244140625,1124.5,1118.675048828125,2734338.0,965.03515625
2014-06-13,1119.5,1092.5250244140625,1119.0,1106.7750244140625,1904022.0,954.7694091796875
2014-06-16,1138.4749755859375,1105.0,1105.0,1134.875,2439906.0,979.0101318359375
2014-06-17,1148.5,1135.5,1142.449951171875,1139.925048828125,1918144.0,983.3665771484375
2014-06-18,1146.5,1110.6500244140625,1146.5,1113.5250244140625,1948824.0,960.5925903320312
2014-06-19,1144.5,1105.050048828125,1115.0,1138.0250244140625,1896354.0,981.7274169921875
2014-06-20,1149.5,1131.0,1142.449951171875,1146.199951171875,1155674.0,988.7797241210938
2014-06-23,1149.949951171875,1127.0250244140625,1146.5,1134.425048828125,1262734.0,978.6220703125
2014-06-24,1159.75,1127.5,1134.5,1154.5250244140625,1479100.0,995.9615478515625
2014-06-25,1160.0,1146.5,1155.0,1155.2750244140625,1028422.0,996.6085205078125
2014-06-26,1172.074951171875,1145.574951171875,1148.0,1153.824951171875,2036182.0,995.3575439453125
2014-06-27,1203.449951171875,1157.5,1158.5,1199.7750244140625,3058836.0,1034.9967041015625
2014-06-30,1217.5,1188.300048828125,1200.2750244140625,1212.699951171875,2146470.0,1046.1463623046875
2014-07-01,1209.5,1191.1500244140625,1209.449951171875,1195.375,1092790.0,1031.201171875
2014-07-02,1205.875,1191.75,1200.0,1200.800048828125,907740.0,1035.8812255859375
2014-07-03,1222.5,1196.0,1199.5,1208.949951171875,1526762.0,1042.9114990234375
2014-07-04,1212.75,1200.5,1206.199951171875,1205.25,536136.0,1039.7200927734375
2014-07-07,1249.0,1205.199951171875,1210.0250244140625,1244.2750244140625,2204902.0,1073.385009765625
2014-07-08,1243.074951171875,1216.625,1242.4749755859375,1224.7249755859375,2500588.0,1056.520263671875
2014-07-09,1236.324951171875,1190.800048828125,1235.0,1199.074951171875,1554242.0,1034.39306640625
2014-07-10,1209.800048828125,1167.5,1199.7750244140625,1175.9000244140625,1990562.0,1014.4010009765625
2014-07-11,1205.0,1180.550048828125,1185.5,1197.2249755859375,1329446.0,1032.797119140625
2014-07-14,1219.5,1192.625,1209.4000244140625,1213.125,1587924.0,1046.51318359375
2014-07-15,1215.0,1196.875,1213.0999755859375,1199.6500244140625,1389656.0,1034.88916015625
2014-07-16,1212.0,1193.425048828125,1204.824951171875,1200.925048828125,1407240.0,1035.9891357421875
2014-07-17,1214.9000244140625,1187.5,1205.0,1190.9749755859375,1790220.0,1027.4053955078125
2014-07-18,1242.5,1217.5,1226.0,1220.5999755859375,3507488.0,1052.96142578125
2014-07-21,1234.925048828125,1221.5250244140625,1234.0,1231.875,981072.0,1062.688232421875
2014-07-22,1270.0,1230.949951171875,1232.5,1266.199951171875,2399016.0,1092.2989501953125
2014-07-23,1298.1500244140625,1266.1500244140625,1270.0,1293.074951171875,2065858.0,1115.4832763671875
2014-07-24,1301.0,1283.5,1297.449951171875,1297.5999755859375,1481418.0,1119.386474609375
2014-07-25,1307.175048828125,1283.5,1297.0,1302.875,1806914.0,1123.9368896484375
2014-07-28,1299.824951171875,1277.5,1288.574951171875,1294.6500244140625,1314922.0,1134.25341796875
2014-07-30,1305.0,1286.300048828125,1292.4000244140625,1297.5250244140625,1899252.0,1136.7718505859375
2014-07-31,1299.0,1284.625,1287.550048828125,1290.0250244140625,2407210.0,1130.2010498046875
2014-08-01,1293.9749755859375,1255.0,1287.5,1258.199951171875,2381882.0,1102.318359375
2014-08-04,1270.949951171875,1244.0,1266.0,1263.0250244140625,1828636.0,1106.546142578125
2014-08-05,1272.5,1245.050048828125,1272.449951171875,1261.8499755859375,1404656.0,1105.5169677734375
2014-08-06,1267.425048828125,1245.125,1258.074951171875,1253.324951171875,1837562.0,1098.0479736328125
2014-08-07,1247.5,1229.5250244140625,1245.0,1234.9000244140625,1672656.0,1081.9058837890625
2014-08-08,1253.8499755859375,1232.5,1232.5,1239.3499755859375,1464790.0,1085.80419921875
2014-08-11,1247.7750244140625,1227.5,1245.449951171875,1234.199951171875,1290896.0,1081.292236328125
2014-08-12,1244.949951171875,1220.0999755859375,1244.949951171875,1235.875,984552.0,1082.760009765625
2014-08-13,1265.0,1235.0,1235.0,1250.0250244140625,2768378.0,1095.1571044921875
2014-08-14,1266.0,1245.0250244140625,1257.0,1249.875,1578056.0,1095.0255126953125
2014-08-18,1252.5,1235.0,1245.5250244140625,1243.800048828125,1373260.0,1089.7030029296875
2014-08-19,1252.449951171875,1217.5,1250.0,1219.25,3234156.0,1068.1947021484375
2014-08-20,1227.5250244140625,1215.0250244140625,1222.25,1218.0999755859375,2056758.0,1067.186767578125
2014-08-21,1230.0,1215.0,1223.5,1216.2249755859375,2265450.0,1065.5440673828125
2014-08-22,1234.0999755859375,1217.9000244140625,1222.0,1232.0999755859375,3096238.0,1079.4521484375
2014-08-25,1264.25,1233.449951171875,1235.0,1261.0250244140625,3143512.0,1104.7939453125
2014-08-26,1275.0,1250.0,1264.5,1266.9000244140625,1815490.0,1109.941162109375
2014-08-27,1283.699951171875,1257.0250244140625,1267.0,1274.9749755859375,1435460.0,1117.015380859375
2014-08-28,1274.6500244140625,1256.5,1273.5,1261.175048828125,1766288.0,1104.9256591796875
2014-09-01,1280.0,1261.5250244140625,1262.699951171875,1268.574951171875,810148.0,1111.408203125
2014-09-02,1277.4000244140625,1257.050048828125,1272.9000244140625,1268.949951171875,1407940.0,1111.737060546875
2014-09-03,1308.0,1269.5,1269.5,1303.199951171875,3061690.0,1141.7437744140625
2014-09-04,1313.7249755859375,1288.7249755859375,1311.0,1292.375,1701598.0,1132.259765625
2014-09-05,1310.9000244140625,1291.5250244140625,1299.949951171875,1299.300048828125,1467060.0,1138.3275146484375
2014-09-08,1325.0,1299.5250244140625,1306.0,1321.3499755859375,1697342.0,1157.645263671875
2014-09-09,1333.5,1312.550048828125,1326.0,1315.625,1418098.0,1152.6297607421875
2014-09-10,1321.375,1295.5999755859375,1319.0,1300.074951171875,1258768.0,1139.006103515625
2014-09-11,1312.199951171875,1295.75,1305.0,1299.175048828125,1075622.0,1138.2178955078125
2014-09-12,1312.175048828125,1296.5999755859375,1305.0,1303.800048828125,1196210.0,1142.269775390625
2014-09-15,1309.300048828125,1277.0,1307.0,1279.1500244140625,1151544.0,1120.6734619140625
2014-09-16,1287.5,1272.0,1283.0,1275.425048828125,1535608.0,1117.4100341796875
2014-09-17,1302.375,1280.5,1280.5,1295.5999755859375,1657700.0,1135.0855712890625
2014-09-18,1325.9000244140625,1290.5,1295.8499755859375,1321.1500244140625,1483078.0,1157.469970703125
2014-09-19,1370.0,1321.0,1321.5,1357.0999755859375,3587864.0,1188.966064453125
2014-09-22,1367.0,1338.125,1357.0,1360.9000244140625,999584.0,1192.295166015625
2014-09-23,1391.2249755859375,1341.6500244140625,1362.0,1344.0999755859375,2055990.0,1177.57666015625
2014-09-24,1353.4749755859375,1316.375,1346.5,1321.5,2442132.0,1157.77685546875
2014-09-25,1362.5,1330.0,1330.4749755859375,1354.300048828125,2473158.0,1186.512939453125
2014-09-26,1362.449951171875,1335.050048828125,1355.0,1342.0,1612712.0,1175.7366943359375
2014-09-29,1387.7249755859375,1337.6500244140625,1347.699951171875,1383.9749755859375,2089534.0,1212.511474609375
2014-09-30,1388.324951171875,1354.074951171875,1386.4749755859375,1368.300048828125,2788954.0,1198.7786865234375
2014-10-01,1401.0,1368.5,1376.0,1387.800048828125,2142022.0,1215.86279296875
2014-10-07,1419.8499755859375,1362.800048828125,1369.800048828125,1365.675048828125,3457674.0,1196.478759765625
2014-10-08,1369.9749755859375,1324.625,1369.0,1341.5999755859375,1962442.0,1175.38671875
2014-10-09,1361.6500244140625,1343.25,1354.0,1353.0250244140625,1685176.0,1185.396240234375
2014-10-10,1363.7249755859375,1334.25,1353.0,1339.25,2344362.0,1173.32763671875
2014-10-13,1362.4000244140625,1335.0,1340.0,1358.2750244140625,2209532.0,1189.9954833984375
2014-10-14,1367.8499755859375,1339.4000244140625,1365.0,1349.5999755859375,2369406.0,1182.39501953125
2014-10-15,1349.5999755859375,1349.5999755859375,1349.5999755859375,1349.5999755859375,0.0,1182.39501953125
2014-10-16,1379.300048828125,1332.125,1365.0,1339.050048828125,3848014.0,1173.152587890625
2014-10-17,1255.675048828125,1215.0,1237.5,1220.574951171875,9892812.0,1069.3553466796875
2014-10-20,1246.800048828125,1208.9749755859375,1245.0,1211.6500244140625,3399242.0,1061.5362548828125
2014-10-21,1221.875,1207.5,1212.925048828125,1216.699951171875,1950732.0,1065.9603271484375
2014-10-22,1244.5,1222.550048828125,1242.5,1225.925048828125,2067664.0,1074.0428466796875
2014-10-27,1259.8499755859375,1222.4749755859375,1259.5,1228.574951171875,2797208.0,1076.3643798828125
2014-10-28,1242.449951171875,1226.7249755859375,1242.449951171875,1239.300048828125,2289958.0,1085.7606201171875
2014-10-29,1257.0,1236.5,1237.5,1253.0250244140625,2425016.0,1100.0040283203125
2014-10-30,1287.449951171875,1254.5,1260.9000244140625,1279.0999755859375,4111292.0,1122.8948974609375
2014-10-31,1310.0,1280.5,1280.5,1303.925048828125,3170070.0,1144.68798828125
2014-11-03,1324.5,1290.25,1324.5,1295.175048828125,2541632.0,1137.0069580078125
2014-11-05,1319.0,1295.0,1319.0,1299.75,2310642.0,1141.02294921875
2014-11-07,1307.8499755859375,1278.5,1302.4000244140625,1286.425048828125,2126740.0,1129.3251953125
2014-11-10,1291.0,1275.5,1287.550048828125,1284.824951171875,1541964.0,1127.920654296875
2014-11-11,1297.0,1277.699951171875,1289.0,1290.3499755859375,1249940.0,1132.770751953125
2014-11-12,1305.5,1287.5,1290.0,1295.875,1320582.0,1137.6212158203125
2014-11-13,1302.449951171875,1282.574951171875,1297.5,1294.2249755859375,1645540.0,1136.1727294921875
2014-11-14,1305.574951171875,1287.5,1292.5999755859375,1303.2249755859375,1457174.0,1144.0733642578125
2014-11-17,1312.5,1296.125,1297.550048828125,1309.1500244140625,1570552.0,1149.275146484375
2014-11-18,1313.324951171875,1289.875,1310.0,1292.925048828125,1467026.0,1135.03173828125
2014-11-19,1299.0,1278.7249755859375,1299.0,1286.875,1865746.0,1129.7200927734375
2014-11-20,1305.125,1280.2750244140625,1294.0,1302.7249755859375,1795386.0,1143.634765625
2014-11-21,1320.0,1293.324951171875,1304.0,1311.074951171875,2001594.0,1150.965087890625
2014-11-24,1332.5,1311.0,1311.0,1328.8499755859375,1942766.0,1166.5692138671875
2014-11-25,1339.699951171875,1308.0,1330.0,1318.0,2371684.0,1157.0443115234375
2014-11-26,1328.175048828125,1307.5,1315.0250244140625,1313.6500244140625,1584800.0,1153.2254638671875
2014-11-27,1334.0,1312.6500244140625,1313.6500244140625,1326.6500244140625,1732418.0,1164.6380615234375
2014-11-28,1345.949951171875,1317.675048828125,1329.175048828125,1321.5,1989768.0,1160.11669921875
2014-12-01,1350.0,1322.625,1325.25,1346.4749755859375,1896354.0,1182.0418701171875
2014-12-02,1355.4749755859375,1324.675048828125,1346.5,1328.6500244140625,1436572.0,1166.3936767578125
2014-12-03,1336.699951171875,1309.25,1335.949951171875,1317.675048828125,3094670.0,1156.7591552734375
2014-12-04,1333.5,1314.949951171875,1332.0,1318.9749755859375,1285308.0,1157.89990234375
2014-12-05,1324.9000244140625,1286.074951171875,1320.449951171875,1289.4749755859375,2359676.0,1132.002685546875
2014-12-08,1297.5,1250.824951171875,1297.5,1256.4000244140625,3232574.0,1102.9671630859375
2014-12-09,1279.5,1254.550048828125,1258.0,1257.425048828125,2487940.0,1103.8665771484375
2014-12-10,1265.949951171875,1248.0999755859375,1257.5,1253.949951171875,2087970.0,1100.81591796875
2014-12-11,1261.449951171875,1243.5,1250.300048828125,1246.074951171875,1938822.0,1093.90283203125
2014-12-12,1260.0,1211.324951171875,1250.0,1225.3499755859375,2380786.0,1075.708740234375
2014-12-15,1192.5,1176.125,1192.449951171875,1179.324951171875,3487788.0,1035.30419921875
2014-12-16,1229.625,1172.5,1175.0,1221.5250244140625,3339140.0,1072.350830078125
2014-12-17,1235.0,1202.625,1226.699951171875,1222.050048828125,2287076.0,1072.8118896484375
2014-12-18,1234.25,1217.4000244140625,1227.550048828125,1230.3499755859375,1481444.0,1080.0980224609375
2014-12-19,1261.875,1234.0,1235.6500244140625,1255.2750244140625,1903130.0,1101.9793701171875
2014-12-22,1264.5,1237.199951171875,1263.0,1256.699951171875,1643954.0,1103.2301025390625
2014-12-23,1268.324951171875,1247.300048828125,1250.0,1258.3499755859375,1266476.0,1104.6787109375
2014-12-24,1260.425048828125,1232.824951171875,1257.5,1239.949951171875,3288972.0,1088.5260009765625
2014-12-26,1255.0,1232.5,1243.0,1252.5,626206.0,1099.5433349609375
2014-12-29,1268.4749755859375,1253.5,1254.0,1261.449951171875,778920.0,1107.400390625
2014-12-30,1271.2249755859375,1258.0,1262.5,1265.0250244140625,701342.0,1110.53857421875
2014-12-31,1283.199951171875,1262.5,1266.3499755859375,1279.125,1573792.0,1122.9169921875
2015-01-01,1283.5,1270.5,1283.5,1272.7750244140625,366830.0,1117.3419189453125
2015-01-02,1295.4749755859375,1275.300048828125,1275.5,1289.7249755859375,925740.0,1132.22216796875
2015-01-05,1299.949951171875,1262.324951171875,1290.5,1270.125,1754242.0,1115.015869140625
2015-01-06,1264.550048828125,1220.0,1264.550048828125,1223.300048828125,2423784.0,1073.9090576171875
2015-01-07,1239.574951171875,1203.7249755859375,1235.0,1208.8499755859375,2636332.0,1061.2235107421875
2015-01-08,1224.5,1210.2750244140625,1221.199951171875,1221.9000244140625,1565408.0,1072.6800537109375
2015-01-09,1259.949951171875,1225.0,1227.5,1256.1500244140625,3197642.0,1102.747314453125
2015-01-12,1264.0,1240.125,1258.5,1254.8499755859375,1596006.0,1101.6064453125
2015-01-13,1265.199951171875,1240.050048828125,1260.0,1248.949951171875,1468432.0,1096.4266357421875
2015-01-14,1265.9000244140625,1250.25,1258.0,1260.9749755859375,1787096.0,1106.9832763671875
2015-01-15,1290.875,1261.625,1266.5,1269.550048828125,5009920.0,1114.51123046875
2015-01-16,1272.5,1242.1500244140625,1271.8499755859375,1266.074951171875,5293830.0,1111.4603271484375
2015-01-19,1275.5,1251.5,1268.0,1255.5,1135074.0,1102.1768798828125
2015-01-20,1265.0,1241.625,1260.0,1250.2249755859375,2058566.0,1097.5458984375
2015-01-21,1261.0,1244.125,1261.0,1256.9000244140625,2310480.0,1103.406005859375
2015-01-22,1260.625,1247.75,1258.25,1256.7750244140625,2113214.0,1103.296142578125
2015-01-23,1266.0250244140625,1248.050048828125,1257.0,1251.800048828125,3150380.0,1098.928955078125
2015-01-27,1257.5,1244.7750244140625,1256.175048828125,1251.0250244140625,2738736.0,1100.4461669921875
2015-01-28,1272.449951171875,1251.449951171875,1251.5,1269.800048828125,3121980.0,1116.961181640625
2015-01-29,1284.3499755859375,1256.449951171875,1269.0,1272.324951171875,3734392.0,1119.1822509765625
2015-01-30,1287.5,1235.0,1280.3499755859375,1241.0250244140625,5817402.0,1091.6495361328125
2015-02-02,1260.7249755859375,1231.0250244140625,1241.0,1257.0999755859375,3181802.0,1105.7899169921875
2015-02-03,1282.5,1253.550048828125,1255.824951171875,1279.125,2345054.0,1125.1639404296875
2015-02-04,1285.8499755859375,1251.050048828125,1284.0,1257.1500244140625,2245418.0,1105.8338623046875
2015-02-05,1295.8499755859375,1259.5,1260.0,1276.199951171875,4530168.0,1122.5908203125
2015-02-06,1297.4000244140625,1275.425048828125,1276.5,1287.875,2136416.0,1132.860595703125
2015-02-09,1284.550048828125,1250.0,1280.75,1256.449951171875,2076432.0,1105.218017578125
2015-02-10,1263.125,1216.5,1255.0,1220.574951171875,3799054.0,1073.660888671875
2015-02-11,1243.625,1223.625,1227.5250244140625,1229.949951171875,2937522.0,1081.90771484375
2015-02-12,1239.9000244140625,1223.5,1239.9000244140625,1231.074951171875,3107980.0,1082.897216796875
2015-02-13,1273.875,1230.125,1235.0,1269.375,4158326.0,1116.5875244140625
2015-02-16,1297.5,1277.5,1280.0,1292.4000244140625,2364392.0,1136.8411865234375
2015-02-18,1321.5,1282.625,1292.5250244140625,1317.824951171875,2660014.0,1159.2056884765625
2015-02-19,1343.6500244140625,1317.5,1318.0,1340.5250244140625,2618002.0,1179.1734619140625
2015-02-20,1349.4000244140625,1321.125,1349.4000244140625,1337.7750244140625,1801588.0,1176.7542724609375
2015-02-23,1361.0,1335.5,1335.5,1348.324951171875,1614892.0,1186.0345458984375
2015-02-24,1365.0,1339.5,1347.0,1352.375,2199922.0,1189.59716796875
2015-02-25,1361.0,1333.925048828125,1355.0,1336.0999755859375,1767994.0,1175.28125
2015-02-26,1346.375,1312.675048828125,1339.5,1328.2249755859375,1991994.0,1168.3541259765625
2015-02-27,1337.875,1308.1500244140625,1329.7249755859375,1331.175048828125,2877376.0,1170.9488525390625
2015-03-02,1354.4749755859375,1326.2750244140625,1339.8499755859375,1334.699951171875,2176038.0,1174.0496826171875
2015-03-03,1395.0,1338.074951171875,1341.0,1388.0,3424308.0,1220.9342041015625
2015-03-04,1406.050048828125,1357.824951171875,1394.0,1373.0,3862994.0,1207.739501953125
2015-03-05,1385.3499755859375,1340.5250244140625,1375.0,1348.2249755859375,2173514.0,1185.946533203125
2015-03-09,1339.9000244140625,1305.0,1320.0,1323.4000244140625,2883174.0,1164.1094970703125
2015-03-10,1339.125,1297.625,1324.449951171875,1321.3499755859375,3037052.0,1162.3062744140625
2015-03-11,1329.9749755859375,1298.9000244140625,1321.0,1303.2750244140625,2240200.0,1146.40673828125
2015-03-12,1312.449951171875,1295.050048828125,1311.949951171875,1309.5250244140625,1827636.0,1151.90478515625
2015-03-13,1319.9749755859375,1287.5,1319.0,1291.175048828125,1586838.0,1135.7635498046875
2015-03-16,1305.0,1276.0,1292.5999755859375,1281.1500244140625,1556296.0,1126.94482421875
2015-03-17,1303.3499755859375,1278.875,1291.25,1291.8499755859375,1267318.0,1136.357177734375
2015-03-18,1299.7249755859375,1275.8499755859375,1295.4749755859375,1279.675048828125,1255170.0,1125.6478271484375
2015-03-19,1302.925048828125,1284.050048828125,1288.0,1298.125,2448964.0,1141.8768310546875
2015-03-20,1309.0,1289.425048828125,1298.0,1305.4749755859375,1963908.0,1148.34228515625
2015-03-23,1315.5,1303.0,1308.0,1308.574951171875,1566608.0,1151.069091796875
2015-03-24,1318.5,1291.050048828125,1315.0,1295.6500244140625,2394878.0,1139.7000732421875
2015-03-25,1307.0,1272.5999755859375,1295.699951171875,1286.875,2224858.0,1131.9808349609375
2015-03-26,1293.3499755859375,1250.5,1276.6500244140625,1256.550048828125,3091642.0,1105.3057861328125
2015-03-27,1285.949951171875,1252.050048828125,1265.5,1257.4000244140625,2751776.0,1106.053955078125
2015-03-30,1284.949951171875,1260.0,1262.5,1282.074951171875,1339006.0,1127.7587890625
2015-03-31,1284.7249755859375,1260.5,1284.7249755859375,1276.9749755859375,2427028.0,1123.272705078125
2015-04-01,1281.800048828125,1261.125,1279.0,1271.324951171875,2075758.0,1118.3028564453125
2015-04-06,1281.449951171875,1250.050048828125,1279.0,1273.6500244140625,1568542.0,1120.34765625
2015-04-07,1299.5,1272.0,1281.2249755859375,1292.5,1886922.0,1136.9288330078125
2015-04-08,1328.25,1295.425048828125,1297.0,1320.699951171875,1652134.0,1161.7344970703125
2015-04-09,1343.7249755859375,1317.574951171875,1329.5,1332.2750244140625,2544450.0,1171.9163818359375
2015-04-10,1335.4000244140625,1314.0,1324.25,1326.875,1815544.0,1167.16650390625
2015-04-13,1332.5,1314.0,1332.0,1327.75,1308642.0,1167.93603515625
2015-04-15,1356.949951171875,1304.699951171875,1327.3499755859375,1313.875,2913934.0,1155.7310791015625
2015-04-16,1313.5,1285.675048828125,1313.4749755859375,1291.4000244140625,3217570.0,1135.96142578125
2015-04-17,1280.0,1235.0,1278.550048828125,1237.425048828125,9668742.0,1088.483154296875
2015-04-20,1241.949951171875,1212.425048828125,1240.0250244140625,1214.4000244140625,2890722.0,1068.2296142578125
2015-04-21,1226.0,1200.5,1214.4000244140625,1213.5250244140625,2546032.0,1067.459716796875
2015-04-22,1236.5,1203.7750244140625,1215.75,1222.550048828125,4186812.0,1075.3983154296875
2015-04-23,1239.9000244140625,1215.8499755859375,1236.0,1228.625,4342990.0,1080.742431640625
2015-04-24,1257.0,1223.7750244140625,1227.6500244140625,1246.5250244140625,3625158.0,1096.487548828125
2015-04-27,1260.0,1243.0,1249.75,1250.0999755859375,2733052.0,1099.632080078125
2015-04-28,1255.0,1227.550048828125,1255.0,1247.5,3088298.0,1097.345458984375
2015-04-29,1247.5,1225.5250244140625,1242.0,1243.6500244140625,2019620.0,1093.9586181640625
2015-04-30,1245.0,1213.550048828125,1240.0,1231.8499755859375,3738054.0,1083.578857421875
2015-05-04,1252.4000244140625,1228.5999755859375,1245.5,1240.7750244140625,1890630.0,1091.43017578125
2015-05-05,1268.2249755859375,1250.0,1250.5,1258.925048828125,3255070.0,1107.3953857421875
2015-05-06,1257.5,1227.9000244140625,1257.5,1231.5250244140625,3394406.0,1083.2933349609375
2015-05-07,1276.875,1226.8499755859375,1232.449951171875,1272.625,3205028.0,1119.4461669921875
2015-05-08,1294.0,1258.1500244140625,1280.0,1263.625,3003664.0,1111.5294189453125
2015-05-11,1281.5250244140625,1262.5,1267.5,1278.0,2573082.0,1124.174072265625
2015-05-12,1282.5,1256.5,1280.0,1261.449951171875,2467386.0,1109.6163330078125
2015-05-13,1273.5,1240.2249755859375,1273.5,1257.699951171875,1863774.0,1106.317626953125
2015-05-14,1260.0,1242.5,1260.0,1249.625,1309050.0,1099.21435546875
2015-05-15,1266.199951171875,1250.5,1257.5,1255.574951171875,1461454.0,1104.4482421875
2015-05-18,1262.625,1248.550048828125,1257.050048828125,1260.199951171875,4507752.0,1108.516845703125
2015-05-19,1265.0,1248.375,1259.699951171875,1256.3499755859375,1957722.0,1105.130126953125
2015-05-20,1284.949951171875,1258.449951171875,1260.0,1278.5250244140625,1897814.0,1124.6363525390625
2015-05-21,1290.0,1274.074951171875,1278.5,1277.75,1579578.0,1123.95458984375
2015-05-22,1314.375,1269.625,1275.0,1308.949951171875,2691632.0,1151.3990478515625
2015-05-25,1318.449951171875,1292.8499755859375,1310.0,1300.5,982978.0,1143.96630859375
2015-05-26,1311.625,1294.449951171875,1302.5,1304.425048828125,1961740.0,1147.418701171875
2015-05-27,1316.574951171875,1296.0,1304.0,1307.625,1620690.0,1150.233642578125
2015-05-28,1311.5,1291.125,1301.949951171875,1304.75,2763608.0,1147.7044677734375
2015-05-29,1324.300048828125,1298.625,1308.5,1305.1500244140625,4423532.0,1148.05615234375
2015-06-01,1323.550048828125,1304.175048828125,1304.7249755859375,1308.875,882264.0,1151.332763671875
2015-06-02,1315.0,1295.25,1308.0,1299.949951171875,3935820.0,1143.4822998046875
2015-06-03,1312.800048828125,1295.25,1302.0,1305.449951171875,1804684.0,1148.3203125
2015-06-04,1311.4000244140625,1294.25,1308.550048828125,1302.824951171875,4131468.0,1146.01123046875
2015-06-05,1304.5,1285.0,1296.0,1287.925048828125,2308534.0,1143.4368896484375
2015-06-08,1295.0,1280.824951171875,1295.0,1288.7249755859375,1570320.0,1144.14697265625
2015-06-09,1295.0,1275.5,1292.5,1280.824951171875,2578914.0,1137.1328125
2015-06-10,1305.0,1281.9000244140625,1283.0,1300.375,2763350.0,1154.48974609375
2015-06-11,1306.5,1278.375,1302.75,1285.6500244140625,1847336.0,1141.416748046875
2015-06-12,1294.4749755859375,1238.4000244140625,1285.949951171875,1252.9000244140625,2571456.0,1112.341064453125
2015-06-15,1260.2249755859375,1240.5,1252.6500244140625,1252.4000244140625,2525176.0,1111.89697265625
2015-06-16,1259.6500244140625,1247.2249755859375,1250.0,1256.0,1267396.0,1115.093017578125
2015-06-17,1264.574951171875,1250.9000244140625,1260.5,1256.9000244140625,1975720.0,1115.89208984375
2015-06-18,1273.1500244140625,1254.0,1257.5,1265.0250244140625,2165046.0,1123.105712890625
2015-06-19,1277.5,1263.550048828125,1267.5,1274.7750244140625,1999610.0,1131.7620849609375
2015-06-22,1300.0,1273.5,1273.5,1295.75,1102002.0,1150.3839111328125
2015-06-23,1304.0,1283.5999755859375,1300.0,1287.300048828125,898318.0,1142.881591796875
2015-06-24,1293.949951171875,1279.425048828125,1290.0,1285.1500244140625,1170246.0,1140.9727783203125
2015-06-25,1286.5,1272.074951171875,1281.0,1275.0,1930992.0,1131.9615478515625
2015-06-26,1298.175048828125,1275.0999755859375,1275.0999755859375,1296.4000244140625,1290102.0,1150.9605712890625
2015-06-29,1302.0,1271.699951171875,1286.0,1296.449951171875,1372756.0,1151.0050048828125
2015-06-30,1294.375,1270.0,1292.5,1275.4749755859375,1549952.0,1132.383544921875
2015-07-01,1304.0,1278.375,1281.949951171875,1296.550048828125,1279708.0,1151.0941162109375
2015-07-02,1301.4749755859375,1285.5250244140625,1300.0,1288.875,1445880.0,1144.2799072265625
2015-07-03,1305.0,1285.0,1286.5250244140625,1301.949951171875,963470.0,1155.8883056640625
2015-07-06,1322.5,1290.1500244140625,1290.1500244140625,1316.6500244140625,1182338.0,1168.9390869140625
2015-07-07,1323.449951171875,1301.5,1316.375,1308.125,1642836.0,1161.3702392578125
2015-07-08,1310.8499755859375,1290.25,1298.9749755859375,1297.550048828125,2667850.0,1151.981689453125
2015-07-09,1299.125,1253.324951171875,1297.5,1261.25,3934122.0,1119.75390625
2015-07-10,1279.5,1227.5,1279.5,1237.175048828125,8263654.0,1098.3802490234375
2015-07-13,1259.300048828125,1237.699951171875,1237.699951171875,1254.7750244140625,2280308.0,1114.0054931640625
2015-07-14,1257.5,1245.0,1255.5,1249.75,1703274.0,1109.5443115234375
2015-07-15,1274.9749755859375,1250.0,1250.5,1272.875,2003660.0,1130.074951171875
2015-07-16,1279.425048828125,1263.300048828125,1271.8499755859375,1270.0999755859375,1456608.0,1127.611328125
2015-07-17,1285.050048828125,1271.6500244140625,1273.4000244140625,1282.199951171875,1070526.0,1138.353759765625
2015-07-20,1291.949951171875,1275.949951171875,1282.0,1289.574951171875,853786.0,1147.3624267578125
2015-07-21,1300.175048828125,1277.550048828125,1288.0,1280.699951171875,1274500.0,1139.466064453125
2015-07-22,1284.5,1260.5250244140625,1280.5,1264.0250244140625,1320628.0,1124.6298828125
2015-07-23,1268.925048828125,1241.5,1258.75,1244.300048828125,1496780.0,1107.0802001953125
2015-07-24,1258.25,1246.050048828125,1248.75,1252.574951171875,1574972.0,1114.442626953125
2015-07-27,1252.5,1240.574951171875,1244.0,1248.5250244140625,2003738.0,1110.83935546875
2015-07-28,1259.5,1246.074951171875,1249.75,1251.0250244140625,1891188.0,1113.063720703125
2015-07-29,1257.5250244140625,1241.75,1255.5,1253.375,2413318.0,1115.154296875
2015-07-30,1258.4000244140625,1236.4000244140625,1258.0250244140625,1240.324951171875,2770574.0,1103.543212890625
2015-07-31,1259.5,1243.5,1244.949951171875,1255.375,1963776.0,1116.9339599609375
2015-08-03,1262.5,1250.449951171875,1251.699951171875,1254.800048828125,1179324.0,1116.4222412109375
2015-08-04,1261.5,1243.0,1255.199951171875,1254.449951171875,2342692.0,1116.1109619140625
2015-08-05,1275.0,1255.5,1260.0,1273.574951171875,988994.0,1133.12646484375
2015-08-06,1291.5,1275.050048828125,1282.5,1286.6500244140625,2211366.0,1144.7598876953125
2015-08-07,1286.5,1273.5,1286.5,1276.0250244140625,1188506.0,1135.3067626953125
2015-08-10,1294.5,1278.300048828125,1286.0,1286.050048828125,1431182.0,1144.2261962890625
2015-08-11,1305.0,1271.050048828125,1289.0,1302.0999755859375,2200306.0,1158.505859375
2015-08-12,1345.699951171875,1301.0,1301.550048828125,1335.8499755859375,3479784.0,1188.5338134765625
2015-08-13,1342.0,1278.0,1335.0,1317.800048828125,1406426.0,1172.47509765625
2015-08-14,1359.675048828125,1318.550048828125,1319.0,1351.5999755859375,2293964.0,1202.54736328125
2015-08-17,1348.4000244140625,1327.5,1345.050048828125,1342.375,773644.0,1194.3397216796875
2015-08-18,1374.949951171875,1345.0,1353.449951171875,1370.449951171875,1916926.0,1219.318603515625
2015-08-19,1376.425048828125,1360.949951171875,1375.0,1366.800048828125,1690070.0,1216.071044921875
2015-08-20,1372.5,1336.0,1372.5,1343.425048828125,2349298.0,1195.27392578125
2015-08-21,1364.949951171875,1327.550048828125,1356.0,1338.074951171875,3536080.0,1190.513671875
2015-08-24,1322.5,1284.550048828125,1319.5,1289.324951171875,4692344.0,1147.14013671875
2015-08-25,1311.0,1267.75,1293.949951171875,1283.574951171875,3925800.0,1142.02392578125
2015-08-26,1319.5,1255.9749755859375,1279.0250244140625,1288.375,3216158.0,1146.2943115234375
2015-08-27,1307.449951171875,1272.9000244140625,1307.449951171875,1287.324951171875,5264798.0,1145.3603515625
2015-08-28,1304.5,1278.8499755859375,1304.5,1285.425048828125,2744152.0,1143.6697998046875
2015-08-31,1295.0,1265.5250244140625,1295.0,1282.0250244140625,3692044.0,1140.64501953125
2015-09-01,1305.5999755859375,1265.0,1278.0,1268.699951171875,2987602.0,1128.7894287109375
2015-09-02,1310.2249755859375,1274.0,1279.8499755859375,1295.9000244140625,3765950.0,1152.989501953125
2015-09-03,1307.5,1288.125,1298.050048828125,1302.800048828125,2265074.0,1159.1285400390625
2015-09-04,1307.449951171875,1269.574951171875,1305.699951171875,1273.7249755859375,2426396.0,1133.2603759765625
2015-09-07,1279.9749755859375,1266.3499755859375,1276.5,1269.875,1759184.0,1129.834716796875
2015-09-08,1282.050048828125,1261.75,1272.5,1270.1500244140625,1787746.0,1130.079833984375
2015-09-09,1287.0,1272.0,1281.4749755859375,1274.875,2045076.0,1134.2835693359375
2015-09-10,1289.25,1263.5,1271.0,1272.699951171875,2665818.0,1132.34814453125
2015-09-11,1284.199951171875,1270.300048828125,1273.25,1276.0,1592672.0,1135.2845458984375
2015-09-14,1282.5,1271.5,1282.5,1275.824951171875,1589318.0,1135.12841796875
2015-09-15,1279.449951171875,1268.0,1275.824951171875,1268.625,1379900.0,1128.7225341796875
2015-09-16,1282.5,1270.5250244140625,1277.5,1275.175048828125,1756816.0,1134.550048828125
2015-09-18,1293.0,1269.5,1282.5,1275.625,2455294.0,1134.9503173828125
2015-09-21,1278.550048828125,1266.5999755859375,1275.0,1275.5250244140625,1108840.0,1134.861572265625
2015-09-22,1286.199951171875,1245.0,1278.75,1263.4000244140625,2081246.0,1124.07373046875
2015-09-23,1278.875,1256.300048828125,1267.1500244140625,1266.324951171875,1228352.0,1126.6761474609375
2015-09-24,1295.0,1264.949951171875,1267.75,1290.199951171875,2354254.0,1147.91845703125
2015-09-28,1309.5,1289.75,1297.0,1296.8499755859375,2366812.0,1153.8348388671875
2015-09-29,1317.0,1284.925048828125,1291.675048828125,1294.125,3325952.0,1151.4107666015625
2015-09-30,1321.8499755859375,1285.4749755859375,1321.8499755859375,1294.0250244140625,3368336.0,1151.321533203125
2015-10-01,1324.9749755859375,1296.0999755859375,1299.5,1322.300048828125,2834408.0,1176.4783935546875
2015-10-05,1385.0,1326.3499755859375,1326.3499755859375,1355.824951171875,4807306.0,1206.3062744140625
2015-10-06,1363.0,1342.0,1362.5,1350.0,3979590.0,1201.1239013671875
2015-10-07,1358.5,1323.4749755859375,1346.9749755859375,1326.9749755859375,2065530.0,1180.637939453125
2015-10-08,1339.175048828125,1310.0,1335.0,1316.9000244140625,2357550.0,1171.6739501953125
2015-10-09,1325.300048828125,1304.0,1325.25,1314.824951171875,2249724.0,1169.827392578125
2015-10-12,1330.175048828125,1293.5,1327.5,1296.300048828125,2455912.0,1153.345703125
2015-10-13,1306.0,1283.800048828125,1301.4000244140625,1299.2750244140625,6179712.0,1155.9925537109375
2015-10-14,1274.0,1240.0,1274.0,1241.8499755859375,8337128.0,1104.9000244140625
2015-10-15,1251.75,1232.5,1245.0,1233.875,3215710.0,1097.804443359375
2015-10-16,1246.0,1235.0,1240.449951171875,1236.0,2333828.0,1099.695556640625
2015-10-19,1247.4749755859375,1227.925048828125,1245.0,1244.375,3130642.0,1107.1468505859375
2015-10-20,1265.0,1247.800048828125,1248.125,1263.375,2695084.0,1124.051513671875
2015-10-21,1271.0,1261.125,1267.5,1265.0,1929688.0,1130.4185791015625
2015-10-23,1274.0,1263.6500244140625,1274.0,1268.574951171875,2335398.0,1136.0830078125
2015-10-26,1274.5,1257.550048828125,1274.5,1268.2750244140625,1414630.0,1135.81396484375
2015-10-27,1272.449951171875,1260.175048828125,1265.0250244140625,1265.550048828125,1530420.0,1133.3741455078125
2015-10-28,1266.7750244140625,1255.0250244140625,1255.0250244140625,1264.550048828125,1255342.0,1132.4783935546875
2015-10-29,1267.699951171875,1245.0250244140625,1266.7750244140625,1247.675048828125,3130316.0,1117.3658447265625
2015-10-30,1255.949951171875,1242.5,1250.0,1247.5999755859375,1516696.0,1117.298583984375
2015-11-02,1261.4000244140625,1243.7750244140625,1250.0,1258.675048828125,1319294.0,1127.2171630859375
2015-11-03,1273.9000244140625,1259.25,1264.0,1271.7249755859375,1364906.0,1138.9036865234375
2015-11-04,1273.5999755859375,1260.0,1272.5,1266.9000244140625,991434.0,1134.5830078125
2015-11-05,1267.4749755859375,1240.0,1265.4000244140625,1241.324951171875,1596098.0,1111.678955078125
2015-11-06,1259.125,1241.7249755859375,1246.0,1252.875,908024.0,1122.0224609375
2015-11-09,1251.375,1234.300048828125,1247.5,1235.675048828125,2021556.0,1106.6192626953125
2015-11-10,1238.5,1225.0,1236.4749755859375,1229.074951171875,1361920.0,1100.708251953125
2015-11-13,1219.0250244140625,1193.2750244140625,1219.0250244140625,1198.699951171875,2743232.0,1073.5057373046875
2015-11-16,1195.0,1178.0,1195.0,1187.300048828125,2043528.0,1063.2962646484375
2015-11-17,1199.2249755859375,1187.5,1190.25,1195.2750244140625,1985028.0,1070.4385986328125
2015-11-18,1194.449951171875,1173.0,1194.449951171875,1175.7249755859375,1520352.0,1052.9302978515625
2015-11-19,1190.800048828125,1176.0,1182.675048828125,1181.2750244140625,1866906.0,1057.90087890625
2015-11-20,1211.7750244140625,1180.9749755859375,1183.25,1199.175048828125,2012126.0,1073.9312744140625
2015-11-23,1206.699951171875,1191.125,1202.6500244140625,1195.5250244140625,1088082.0,1070.6624755859375
2015-11-24,1196.2249755859375,1182.75,1190.0250244140625,1183.9749755859375,998640.0,1060.318603515625
2015-11-26,1191.199951171875,1168.925048828125,1188.949951171875,1172.7750244140625,2915292.0,1050.28857421875
2015-11-27,1179.7249755859375,1166.25,1174.0,1176.675048828125,1737206.0,1053.7811279296875
2015-11-30,1195.625,1175.074951171875,1182.5,1186.7750244140625,4100048.0,1062.826416015625
2015-12-01,1189.0250244140625,1178.5250244140625,1181.449951171875,1180.949951171875,1721994.0,1057.609375
2015-12-02,1189.050048828125,1173.25,1189.0,1182.5999755859375,1640296.0,1059.087158203125
2015-12-03,1186.5,1173.5,1180.0,1175.375,2283358.0,1052.616943359375
2015-12-04,1173.6500244140625,1160.550048828125,1170.0,1164.199951171875,1246092.0,1042.6090087890625
2015-12-07,1171.949951171875,1157.625,1166.0999755859375,1159.9000244140625,1382604.0,1038.7581787109375
2015-12-08,1174.5,1158.6500244140625,1159.699951171875,1164.5,1139964.0,1042.8775634765625
2015-12-09,1186.4000244140625,1160.0,1168.949951171875,1183.824951171875,5282806.0,1060.18408203125
2015-12-10,1195.5999755859375,1176.0,1184.5,1192.2750244140625,1723988.0,1067.751708984375
2015-12-11,1195.9749755859375,1181.625,1191.5,1193.0,1652378.0,1068.401123046875
2015-12-14,1193.5,1165.300048828125,1167.5999755859375,1189.2249755859375,2718532.0,1065.0203857421875
2015-12-15,1192.5,1181.5250244140625,1189.2249755859375,1187.925048828125,1135868.0,1063.856201171875
2015-12-16,1207.25,1192.0,1192.0,1204.199951171875,1435934.0,1078.431396484375
2015-12-17,1222.5,1196.675048828125,1207.5,1219.875,1618844.0,1092.469482421875
2015-12-18,1217.0999755859375,1200.324951171875,1210.0,1208.4000244140625,3024970.0,1082.1925048828125
2015-12-21,1225.0,1203.425048828125,1209.9749755859375,1223.199951171875,1610104.0,1095.4468994140625
2015-12-22,1220.0,1200.0,1220.0,1202.5250244140625,1560858.0,1076.931396484375
2015-12-23,1217.5,1205.2750244140625,1207.5,1212.9000244140625,849834.0,1086.22265625
2015-12-24,1219.0999755859375,1202.0,1210.5,1217.125,843160.0,1090.0064697265625
2015-12-28,1233.199951171875,1210.0999755859375,1214.0,1231.3499755859375,3704198.0,1102.7454833984375
2015-12-29,1232.6500244140625,1222.875,1229.175048828125,1227.9000244140625,1708524.0,1099.65625
2015-12-30,1229.5,1206.1500244140625,1226.5250244140625,1209.1500244140625,1605762.0,1082.8643798828125
2015-12-31,1224.25,1203.75,1207.875,1218.425048828125,1240318.0,1091.1707763671875
2016-01-01,1219.5,1206.125,1219.5,1208.199951171875,712262.0,1082.0133056640625
2016-01-04,1207.0,1183.0250244140625,1205.074951171875,1184.800048828125,1870184.0,1061.0577392578125
2016-01-05,1193.300048828125,1170.5,1192.5,1174.4749755859375,2678020.0,1051.810791015625
2016-01-06,1193.074951171875,1175.0999755859375,1175.0999755859375,1190.800048828125,2653228.0,1066.43115234375
2016-01-07,1191.449951171875,1180.0,1185.0,1185.625,3199580.0,1061.7965087890625
2016-01-08,1203.675048828125,1186.25,1192.5,1198.800048828125,1907544.0,1073.594970703125
2016-01-11,1192.0,1174.425048828125,1191.25,1181.175048828125,2930228.0,1057.8111572265625
2016-01-12,1182.5,1150.800048828125,1181.3499755859375,1163.5250244140625,3482594.0,1042.004638671875
2016-01-13,1163.5,1127.550048828125,1158.5,1139.5999755859375,4746092.0,1020.578369140625
2016-01-14,1149.449951171875,1125.0,1136.5,1139.4000244140625,2742052.0,1020.3991088867188
2016-01-15,1145.8499755859375,1127.5,1144.425048828125,1130.550048828125,3269408.0,1012.4735107421875
2016-01-18,1145.949951171875,1130.0,1131.0,1138.824951171875,2213922.0,1019.8842163085938
2016-01-19,1150.0,1134.1500244140625,1138.5,1139.6500244140625,967910.0,1020.6234741210938
2016-01-20,1142.5,1121.5,1136.9000244140625,1140.050048828125,1615954.0,1020.9813232421875
2016-01-21,1144.949951171875,1122.875,1142.5,1127.25,2675536.0,1011.9592895507812
2016-01-22,1151.0250244140625,1130.0,1136.5,1147.875,1343178.0,1030.4749755859375
2016-01-25,1169.5,1145.75,1150.949951171875,1152.324951171875,1397560.0,1034.469482421875
2016-01-27,1164.9749755859375,1140.949951171875,1151.0,1159.875,1626986.0,1041.2471923828125
2016-01-28,1174.449951171875,1154.0250244140625,1157.75,1165.5999755859375,3106660.0,1046.3870849609375
2016-01-29,1200.0,1167.5250244140625,1179.3499755859375,1195.6500244140625,2235744.0,1073.363525390625
2016-02-01,1206.4749755859375,1179.5,1195.550048828125,1201.3499755859375,1495274.0,1078.4805908203125
2016-02-02,1216.5,1189.8499755859375,1204.5,1199.050048828125,1475588.0,1076.4158935546875
2016-02-03,1214.949951171875,1180.1500244140625,1193.75,1208.1500244140625,1308692.0,1084.584716796875
2016-02-04,1220.0,1201.0,1210.949951171875,1210.0250244140625,1250046.0,1086.2681884765625
2016-02-05,1219.9749755859375,1204.050048828125,1204.050048828125,1210.9749755859375,1402996.0,1087.1209716796875
2016-02-08,1206.0250244140625,1173.5,1200.0,1181.4749755859375,1063658.0,1060.637939453125
2016-02-09,1166.800048828125,1127.800048828125,1166.800048828125,1140.699951171875,2489610.0,1024.033447265625
2016-02-10,1144.949951171875,1129.050048828125,1137.5,1134.4000244140625,1890732.0,1018.3782348632812
2016-02-11,1144.5,1085.824951171875,1140.0,1098.9749755859375,1962408.0,986.575927734375
2016-02-12,1121.699951171875,1082.0,1100.0,1113.300048828125,2172568.0,999.43603515625
2016-02-15,1153.425048828125,1120.0,1125.0,1134.574951171875,2479712.0,1018.5349731445312
2016-02-16,1141.0,1121.5,1133.0,1132.7750244140625,1588702.0,1016.9192504882812
2016-02-17,1139.824951171875,1123.199951171875,1132.5,1137.7750244140625,1585178.0,1021.4080810546875
2016-02-18,1159.875,1139.0,1142.5,1157.925048828125,1529140.0,1039.49658203125
2016-02-19,1163.5,1152.7249755859375,1153.675048828125,1159.824951171875,879012.0,1041.2025146484375
2016-02-22,1171.5,1152.5,1160.125,1157.949951171875,1324884.0,1039.5194091796875
2016-02-23,1159.949951171875,1128.375,1155.125,1132.0,1306852.0,1016.2236328125
2016-02-24,1131.2249755859375,1100.5999755859375,1131.2249755859375,1105.4749755859375,1659328.0,992.4113159179688
2016-02-25,1114.0,1092.824951171875,1109.9000244140625,1106.425048828125,1830556.0,993.2639770507812
2016-02-26,1128.449951171875,1099.800048828125,1114.8499755859375,1105.25,1537536.0,992.2093505859375
2016-02-29,1118.5,1057.5,1118.5,1088.4000244140625,2191718.0,977.0823974609375
2016-03-01,1142.550048828125,1081.0,1096.5,1138.324951171875,1999760.0,1021.9012451171875
2016-03-02,1165.0,1128.125,1152.5,1159.425048828125,1527486.0,1040.843505859375
2016-03-03,1195.5,1150.5,1168.0,1186.574951171875,2648284.0,1065.216552734375
2016-03-04,1190.0,1174.7750244140625,1190.0,1178.7750244140625,1512966.0,1058.2147216796875
2016-03-08,1183.5,1152.0999755859375,1171.050048828125,1177.1500244140625,1268152.0,1056.7557373046875
2016-03-09,1184.699951171875,1147.574951171875,1170.5,1178.625,2017784.0,1058.0794677734375
2016-03-10,1179.925048828125,1157.4749755859375,1178.0250244140625,1174.1500244140625,1661666.0,1054.062255859375
2016-03-11,1195.425048828125,1167.5,1170.0,1182.625,1530528.0,1061.6707763671875
2016-03-14,1199.0,1170.0,1181.0,1177.5,1636742.0,1057.0697021484375
2016-03-15,1181.75,1160.050048828125,1174.5250244140625,1164.949951171875,1623356.0,1045.8031005859375
2016-03-16,1166.0,1153.449951171875,1157.5,1163.5250244140625,1918246.0,1044.524169921875
2016-03-17,1180.9000244140625,1166.0,1167.0,1176.0250244140625,2221088.0,1055.7454833984375
2016-03-18,1215.0,1180.0,1180.0,1212.925048828125,3204070.0,1088.871826171875
2016-03-21,1227.4749755859375,1210.0,1213.0,1223.125,2336982.0,1098.028564453125
2016-03-22,1242.5,1218.25,1221.0,1236.550048828125,1951984.0,1110.080322265625
2016-03-23,1243.949951171875,1228.6500244140625,1243.949951171875,1236.9000244140625,2278434.0,1110.39453125
2016-03-28,1258.574951171875,1230.7750244140625,1245.5,1236.699951171875,3320882.0,1110.215087890625
2016-03-29,1243.4749755859375,1227.5,1239.0,1234.699951171875,1838796.0,1108.419677734375
2016-03-30,1252.5,1230.0,1235.449951171875,1244.75,2136504.0,1117.441650390625
2016-03-31,1275.0,1236.074951171875,1239.1500244140625,1260.1500244140625,4363964.0,1131.2666015625
2016-04-01,1260.425048828125,1217.050048828125,1252.5,1226.949951171875,3041400.0,1101.4622802734375
2016-04-04,1244.0,1223.5,1228.0,1235.625,1752352.0,1109.2498779296875
2016-04-05,1242.449951171875,1221.0250244140625,1235.4000244140625,1231.375,1491794.0,1105.4344482421875
2016-04-06,1244.5,1229.675048828125,1235.0,1240.949951171875,1763150.0,1114.0303955078125
2016-04-07,1242.3499755859375,1228.5,1240.0,1235.4000244140625,2390942.0,1109.0479736328125
2016-04-08,1236.8499755859375,1213.5,1233.0,1216.0250244140625,1399500.0,1091.6544189453125
2016-04-11,1258.5,1206.5,1216.5,1253.324951171875,2400648.0,1125.139892578125
2016-04-12,1262.5,1244.050048828125,1249.0,1259.074951171875,1303628.0,1130.30126953125
2016-04-13,1272.5,1256.25,1265.0,1263.0999755859375,1601468.0,1133.9149169921875
2016-04-18,1276.75,1220.0,1226.5,1259.875,7121504.0,1131.019775390625
2016-04-20,1267.449951171875,1220.0,1267.449951171875,1225.175048828125,6405024.0,1099.8687744140625
2016-04-21,1233.699951171875,1206.0999755859375,1225.5,1212.199951171875,2525724.0,1088.220703125
2016-04-22,1217.699951171875,1202.0999755859375,1209.5,1208.5250244140625,1964126.0,1084.9215087890625
2016-04-25,1228.5250244140625,1201.1500244140625,1201.1500244140625,1225.625,2267654.0,1100.2725830078125
2016-04-26,1246.75,1221.0,1224.5,1244.9000244140625,2554368.0,1117.576416015625
2016-04-27,1257.300048828125,1237.949951171875,1240.0,1255.550048828125,1848670.0,1127.1370849609375
2016-04-28,1270.0,1249.050048828125,1250.6500244140625,1263.875,4992744.0,1134.61083984375
2016-04-29,1271.0,1255.0,1258.5,1267.75,2372178.0,1138.0894775390625
2016-05-02,1265.0,1250.0,1264.5,1263.3499755859375,1116692.0,1134.139404296875
2016-05-03,1265.0,1236.0,1262.5,1239.050048828125,2153118.0,1112.32470703125
2016-05-04,1247.0250244140625,1228.5,1236.949951171875,1239.0,1364892.0,1112.2796630859375
2016-05-05,1244.9749755859375,1231.7750244140625,1239.0,1235.1500244140625,1246566.0,1108.8232421875
2016-05-06,1242.1500244140625,1215.5,1232.5,1236.699951171875,885598.0,1110.215087890625
2016-05-09,1259.0,1228.199951171875,1236.699951171875,1256.2750244140625,1821276.0,1127.7879638671875
2016-05-10,1266.9749755859375,1248.0,1257.5,1261.449951171875,1158534.0,1132.43359375
2016-05-11,1262.800048828125,1245.0,1250.0,1259.1500244140625,1598716.0,1130.3690185546875
2016-05-12,1284.949951171875,1260.2750244140625,1260.2750244140625,1283.0999755859375,1513082.0,1151.8692626953125
2016-05-13,1283.0,1255.074951171875,1282.5,1261.699951171875,1621730.0,1132.6580810546875
2016-05-16,1282.4000244140625,1261.25,1269.0,1275.574951171875,1111526.0,1145.114013671875
2016-05-17,1295.625,1276.0,1282.0999755859375,1285.0999755859375,1756698.0,1153.6649169921875
2016-05-18,1282.925048828125,1263.0250244140625,1282.925048828125,1275.550048828125,1500740.0,1145.091552734375
2016-05-19,1280.0,1263.050048828125,1277.5,1278.4749755859375,1038792.0,1147.717529296875
2016-05-20,1282.9000244140625,1261.4000244140625,1271.1500244140625,1264.6500244140625,1230918.0,1135.3065185546875
2016-05-23,1272.949951171875,1240.0999755859375,1272.0,1245.7249755859375,1533016.0,1118.3167724609375
2016-05-24,1244.125,1229.800048828125,1242.0,1233.8499755859375,1339158.0,1107.656494140625
2016-05-25,1266.4749755859375,1240.5,1240.5,1263.2249755859375,1548678.0,1134.027099609375
2016-05-26,1282.449951171875,1252.550048828125,1265.0,1274.3499755859375,1943248.0,1144.014404296875
2016-05-27,1289.925048828125,1275.300048828125,1276.574951171875,1286.324951171875,1104676.0,1154.7646484375
2016-05-30,1320.9749755859375,1291.0,1291.5,1318.199951171875,1349464.0,1183.37939453125
2016-05-31,1323.5,1281.0,1320.0,1284.699951171875,3722608.0,1153.305908203125
2016-06-01,1322.5,1285.5,1285.5999755859375,1316.7750244140625,1911942.0,1182.1002197265625
2016-06-02,1327.1500244140625,1300.0,1300.0,1325.074951171875,1408756.0,1189.5511474609375
2016-06-03,1329.0,1310.25,1325.699951171875,1314.7750244140625,1554922.0,1180.3046875
2016-06-06,1319.5,1301.5999755859375,1310.25,1306.25,1322026.0,1184.8173828125
2016-06-07,1319.5,1306.5,1307.0,1315.574951171875,1202194.0,1193.275634765625
2016-06-08,1314.2750244140625,1302.75,1308.625,1306.550048828125,938266.0,1185.089599609375
2016-06-09,1311.199951171875,1277.5999755859375,1311.199951171875,1288.625,1562138.0,1168.8310546875
2016-06-10,1301.625,1276.5999755859375,1283.0,1277.875,1396832.0,1159.0799560546875
2016-06-13,1276.675048828125,1259.0,1270.0,1273.5,1029978.0,1155.111572265625
2016-06-14,1279.4749755859375,1259.125,1279.4749755859375,1267.425048828125,977570.0,1149.601806640625
2016-06-15,1282.449951171875,1261.0,1265.0,1278.425048828125,1270844.0,1159.5792236328125
2016-06-16,1282.3499755859375,1258.2249755859375,1272.7750244140625,1279.1500244140625,1145070.0,1160.2366943359375
2016-06-17,1305.0,1279.5,1279.5,1301.300048828125,1878988.0,1180.3275146484375
2016-06-20,1334.0,1295.9000244140625,1301.300048828125,1329.6500244140625,1872838.0,1206.0419921875
2016-06-21,1332.5,1320.699951171875,1331.75,1325.5999755859375,1027690.0,1202.368408203125
2016-06-22,1338.8499755859375,1315.875,1325.0,1333.824951171875,1761712.0,1209.82861328125
2016-06-23,1329.75,1312.6500244140625,1327.5,1322.675048828125,1397014.0,1199.7152099609375
2016-06-24,1296.5999755859375,1257.074951171875,1282.574951171875,1286.9749755859375,3766586.0,1167.334228515625
2016-06-27,1273.5,1241.324951171875,1273.5,1247.925048828125,4272566.0,1131.9141845703125
2016-06-28,1251.449951171875,1229.199951171875,1247.925048828125,1231.9749755859375,4499524.0,1117.447021484375
2016-06-29,1256.25,1232.6500244140625,1237.5,1251.449951171875,2531264.0,1135.11181640625
2016-06-30,1281.449951171875,1250.175048828125,1261.0,1276.550048828125,5121812.0,1157.87841796875
2016-07-01,1282.300048828125,1247.175048828125,1281.0,1250.425048828125,2197296.0,1134.181884765625
2016-07-04,1262.925048828125,1241.0,1258.0,1247.0999755859375,1883484.0,1131.166015625
2016-07-05,1248.5250244140625,1238.574951171875,1247.0999755859375,1242.6500244140625,1559748.0,1127.1298828125
2016-07-07,1245.925048828125,1212.5,1243.8499755859375,1214.9000244140625,3316800.0,1101.9595947265625
2016-07-08,1221.0250244140625,1201.75,1217.5,1213.300048828125,2456356.0,1100.5081787109375
2016-07-11,1235.9000244140625,1213.5,1215.0,1232.074951171875,1543632.0,1117.537841796875
2016-07-12,1237.5,1217.925048828125,1235.8499755859375,1232.4749755859375,1465536.0,1117.900634765625
2016-07-13,1249.625,1225.625,1239.0,1246.550048828125,2102300.0,1130.6673583984375
2016-07-14,1264.5,1235.5,1243.0,1260.949951171875,2699988.0,1143.7283935546875
2016-07-15,1263.9000244140625,1213.2750244140625,1258.5,1222.675048828125,8336366.0,1109.0118408203125
2016-07-18,1234.5,1215.300048828125,1223.5,1216.7249755859375,2598850.0,1103.61474609375
2016-07-19,1236.4000244140625,1213.75,1213.75,1233.0999755859375,2362896.0,1118.467529296875
2016-07-20,1251.25,1224.074951171875,1225.0,1247.4749755859375,2815252.0,1131.50634765625
2016-07-21,1259.75,1232.2249755859375,1244.75,1253.0250244140625,2527148.0,1136.540283203125
2016-07-22,1262.0,1246.0,1249.449951171875,1257.550048828125,1517216.0,1140.6446533203125
2016-07-25,1281.5999755859375,1252.9000244140625,1256.0,1279.4749755859375,1688796.0,1163.53857421875
2016-07-26,1284.0,1266.5,1279.4749755859375,1276.300048828125,2311290.0,1160.6512451171875
2016-07-27,1290.199951171875,1272.5,1277.5,1288.7750244140625,1750510.0,1171.9954833984375
2016-07-28,1314.7750244140625,1288.5250244140625,1290.25,1309.625,4632080.0,1190.95654296875
2016-07-29,1317.449951171875,1299.5,1307.0,1309.6500244140625,2488084.0,1190.979248046875
2016-08-01,1362.5,1316.0,1316.0,1354.125,3961704.0,1231.424560546875
2016-08-02,1357.8499755859375,1344.9000244140625,1351.449951171875,1349.5999755859375,2578162.0,1227.3092041015625
2016-08-03,1349.5,1324.5250244140625,1343.0,1328.1500244140625,2294702.0,1207.802734375
2016-08-04,1341.4749755859375,1318.125,1335.0,1326.0,1415416.0,1205.8477783203125
2016-08-05,1342.1500244140625,1316.0,1336.949951171875,1324.550048828125,1868484.0,1204.5294189453125
2016-08-08,1334.0,1314.5250244140625,1320.0,1324.75,2058244.0,1204.7108154296875
2016-08-09,1329.9000244140625,1289.425048828125,1329.0,1325.0999755859375,2261914.0,1205.0294189453125
2016-08-10,1341.0,1324.0,1325.5,1337.699951171875,2062078.0,1216.4873046875
2016-08-11,1357.5,1332.7750244140625,1332.7750244140625,1354.949951171875,2233138.0,1232.1744384765625
2016-08-12,1372.4000244140625,1351.0250244140625,1352.5,1369.2249755859375,2327358.0,1245.156005859375
2016-08-16,1370.0,1336.925048828125,1369.0,1345.8499755859375,3183754.0,1223.8992919921875
2016-08-17,1349.5,1309.0,1349.5,1312.2750244140625,1848566.0,1193.3663330078125
2016-08-18,1328.7750244140625,1315.050048828125,1317.5,1319.2750244140625,1292064.0,1199.7320556640625
2016-08-19,1323.2249755859375,1300.0,1320.0,1301.75,2416244.0,1183.795166015625
2016-08-22,1297.2249755859375,1268.1500244140625,1294.0,1274.3499755859375,2265274.0,1158.8779296875
2016-08-23,1302.4749755859375,1270.0999755859375,1272.4749755859375,1300.5250244140625,1503374.0,1182.68115234375
2016-08-24,1301.0,1284.5250244140625,1294.9000244140625,1286.0250244140625,1116878.0,1169.4947509765625
2016-08-25,1294.8499755859375,1263.0,1290.0,1275.5250244140625,1939690.0,1159.9461669921875
2016-08-26,1286.2750244140625,1258.5999755859375,1279.9000244140625,1262.4749755859375,1250314.0,1148.078857421875
2016-08-29,1267.4749755859375,1233.375,1267.4749755859375,1250.2750244140625,1488728.0,1136.984375
2016-08-30,1274.9000244140625,1250.625,1255.0,1272.074951171875,1444026.0,1156.80908203125
2016-08-31,1275.0,1250.425048828125,1275.0,1255.6500244140625,3231668.0,1141.872314453125
2016-09-01,1267.4749755859375,1243.5250244140625,1262.449951171875,1253.75,1345736.0,1140.1444091796875
2016-09-02,1259.699951171875,1248.0250244140625,1256.0,1257.4000244140625,1742330.0,1143.463623046875
2016-09-06,1260.074951171875,1240.0,1259.949951171875,1242.0250244140625,2239066.0,1129.4818115234375
2016-09-07,1249.8499755859375,1211.5,1249.8499755859375,1220.2750244140625,3854040.0,1109.7027587890625
2016-09-08,1180.0,1142.375,1180.0,1161.050048828125,7021516.0,1055.8443603515625
2016-09-09,1183.324951171875,1160.0250244140625,1164.8499755859375,1176.2249755859375,2742438.0,1069.6439208984375
2016-09-12,1181.9749755859375,1162.0,1168.5,1179.5250244140625,2024454.0,1072.6453857421875
2016-09-14,1188.800048828125,1155.0,1181.0,1164.2249755859375,2069858.0,1058.7318115234375
2016-09-15,1171.050048828125,1158.375,1169.9749755859375,1163.4749755859375,2818964.0,1058.049560546875
2016-09-16,1188.0,1160.0,1168.3499755859375,1180.8499755859375,4358004.0,1073.850341796875
2016-09-19,1213.5,1175.0,1182.5,1205.7249755859375,2802546.0,1096.47119140625
2016-09-20,1208.449951171875,1192.699951171875,1205.5,1203.25,1184552.0,1094.220458984375
2016-09-21,1212.0,1200.3499755859375,1203.8499755859375,1206.699951171875,1678020.0,1097.3577880859375
2016-09-22,1214.0,1185.550048828125,1212.625,1189.0,2857574.0,1081.26171875
2016-09-23,1201.925048828125,1185.574951171875,1191.0,1199.050048828125,1800726.0,1090.4010009765625
2016-09-26,1209.550048828125,1197.5,1200.550048828125,1200.550048828125,1753476.0,1091.7650146484375
2016-09-27,1224.0,1200.550048828125,1200.550048828125,1218.050048828125,2038792.0,1107.679443359375
2016-09-28,1218.75,1207.5999755859375,1215.5,1211.5250244140625,1731328.0,1101.74560546875
2016-09-29,1228.25,1209.800048828125,1217.5,1218.9000244140625,3603958.0,1108.452392578125
2016-09-30,1224.9000244140625,1211.550048828125,1218.5250244140625,1215.4000244140625,2175364.0,1105.26953125
2016-10-03,1228.824951171875,1200.550048828125,1225.0,1205.8499755859375,1818880.0,1096.584716796875
2016-10-04,1212.5250244140625,1199.0,1210.0,1202.574951171875,1780718.0,1093.6064453125
2016-10-05,1207.699951171875,1188.050048828125,1204.0,1193.175048828125,1176354.0,1085.0582275390625
2016-10-06,1201.199951171875,1186.375,1197.5,1194.375,2267572.0,1086.1494140625
2016-10-07,1194.0,1179.0999755859375,1194.0,1183.9000244140625,1816512.0,1076.6240234375
2016-10-10,1193.449951171875,1177.5250244140625,1184.949951171875,1190.1500244140625,1202142.0,1082.3076171875
2016-10-13,1184.949951171875,1160.449951171875,1181.6500244140625,1164.449951171875,5173334.0,1058.9361572265625
2016-10-14,1193.5,1145.5,1157.5,1183.0999755859375,7741214.0,1075.89599609375
2016-10-17,1187.9000244140625,1172.199951171875,1184.449951171875,1181.2249755859375,2728346.0,1074.191162109375
2016-10-18,1207.8499755859375,1177.4000244140625,1188.0,1200.0999755859375,2128632.0,1091.3555908203125
2016-10-19,1205.0,1185.1500244140625,1200.5,1197.550048828125,1985058.0,1089.036865234375
2016-10-20,1204.675048828125,1193.0,1198.449951171875,1200.574951171875,1265854.0,1091.78759765625
2016-10-21,1215.949951171875,1199.125,1200.0,1214.324951171875,1259660.0,1104.291748046875
2016-10-24,1217.449951171875,1201.2750244140625,1214.0999755859375,1213.8499755859375,1253190.0,1106.822021484375
2016-10-25,1207.300048828125,1190.5,1202.5,1199.2249755859375,1772466.0,1093.4864501953125
2016-10-26,1201.375,1186.25,1199.300048828125,1198.125,1437130.0,1092.4837646484375
2016-10-27,1214.75,1182.75,1189.8499755859375,1209.050048828125,2941602.0,1102.4456787109375
2016-10-28,1207.550048828125,1194.0,1205.0,1199.3499755859375,1752102.0,1093.6007080078125
2016-11-01,1199.8499755859375,1167.074951171875,1199.8499755859375,1175.0,2934776.0,1071.3975830078125
2016-11-02,1172.0,1147.5,1170.5,1152.0250244140625,2325076.0,1050.4483642578125
2016-11-03,1167.5,1142.25,1147.0,1159.7249755859375,1463310.0,1057.4696044921875
2016-11-04,1168.074951171875,1147.0,1160.0,1165.2750244140625,1183752.0,1062.5301513671875
2016-11-07,1172.449951171875,1130.0250244140625,1168.949951171875,1138.5250244140625,2048052.0,1038.1390380859375
2016-11-08,1153.5,1130.0,1140.2249755859375,1141.5999755859375,1933634.0,1040.942626953125
2016-11-09,1137.5,1071.425048828125,1090.0,1084.925048828125,4500226.0,989.2647094726562
2016-11-10,1108.75,1070.4000244140625,1102.4000244140625,1077.7249755859375,2172426.0,982.6995239257812
2016-11-11,1073.5250244140625,1043.0999755859375,1073.5250244140625,1050.574951171875,2398424.0,957.9434204101562
2016-11-15,1078.7750244140625,1025.949951171875,1058.449951171875,1060.6500244140625,6290324.0,967.1302490234375
2016-11-16,1104.449951171875,1069.0,1072.550048828125,1094.800048828125,4019958.0,998.269287109375
2016-11-17,1104.300048828125,1065.074951171875,1092.5,1068.5999755859375,2504688.0,974.3794555664062
2016-11-18,1075.0,1052.0999755859375,1071.0,1062.550048828125,2140534.0,968.8627319335938
2016-11-21,1070.0,1052.5,1063.0999755859375,1066.449951171875,1793366.0,972.4187622070312
2016-11-22,1088.7249755859375,1061.0250244140625,1066.0,1067.5,1318860.0,973.3761596679688
2016-11-23,1081.4749755859375,1063.5999755859375,1074.5,1078.175048828125,1275808.0,983.1099243164062
2016-11-24,1103.800048828125,1068.5,1077.449951171875,1094.2249755859375,3026234.0,997.7447509765625
2016-11-25,1153.625,1096.0999755859375,1106.0,1150.175048828125,4276148.0,1048.761474609375
2016-11-28,1159.7249755859375,1125.949951171875,1147.0,1141.300048828125,1924296.0,1040.6690673828125
2016-11-29,1146.0,1126.2750244140625,1137.5,1129.925048828125,1442296.0,1030.2972412109375
2016-11-30,1147.375,1121.1500244140625,1132.5,1138.0250244140625,3445832.0,1037.68310546875
2016-12-01,1145.0,1127.0250244140625,1138.5,1131.7249755859375,1123052.0,1031.938232421875
2016-12-02,1135.4000244140625,1102.5999755859375,1129.0,1110.925048828125,1998032.0,1012.9724731445312
2016-12-05,1118.925048828125,1085.0,1114.5,1093.0,2249526.0,996.6278686523438
2016-12-06,1101.9749755859375,1084.949951171875,1095.0,1091.175048828125,1593444.0,994.9639282226562
2016-12-07,1092.2249755859375,1072.824951171875,1091.0999755859375,1077.2750244140625,2065706.0,982.2891845703125
2016-12-08,1099.5,1080.0,1080.25,1097.875,3239546.0,1001.0730590820312
2016-12-09,1109.949951171875,1086.6500244140625,1102.5,1097.625,1588718.0,1000.8450927734375
2016-12-12,1108.800048828125,1081.5,1097.4000244140625,1104.0999755859375,1311758.0,1006.7493896484375
2016-12-13,1109.0,1091.5,1109.0,1100.1500244140625,2147534.0,1003.1473999023438
2016-12-14,1112.3499755859375,1094.5,1107.0,1103.800048828125,1870366.0,1006.4755249023438
2016-12-15,1136.050048828125,1101.0,1101.0,1129.6500244140625,4295410.0,1030.0462646484375
2016-12-16,1145.0,1126.0,1138.5,1141.324951171875,1987230.0,1040.6920166015625
2016-12-19,1148.8499755859375,1130.6500244140625,1140.0,1144.449951171875,1334210.0,1043.5413818359375
2016-12-20,1172.5,1143.5250244140625,1146.0,1169.6500244140625,2922760.0,1066.519287109375
2016-12-21,1171.9000244140625,1152.800048828125,1171.9000244140625,1156.800048828125,2034902.0,1054.80224609375
2016-12-22,1162.5,1143.0999755859375,1153.0,1153.8499755859375,1868300.0,1052.112548828125
2016-12-23,1158.875,1139.4000244140625,1150.0,1144.050048828125,1118954.0,1043.1767578125
2016-12-26,1150.800048828125,1133.0,1133.0,1146.550048828125,897408.0,1045.4560546875
2016-12-27,1165.0,1140.75,1140.75,1161.699951171875,1294692.0,1059.2705078125
2016-12-28,1174.949951171875,1151.574951171875,1163.3499755859375,1156.699951171875,1350418.0,1054.71142578125
2016-12-29,1179.949951171875,1151.5,1151.5,1175.8499755859375,1963516.0,1072.1727294921875
2016-12-30,1189.300048828125,1172.824951171875,1177.449951171875,1182.7750244140625,1405748.0,1078.4871826171875
2017-01-02,1187.550048828125,1176.199951171875,1183.300048828125,1180.675048828125,823132.0,1076.5723876953125
2017-01-03,1185.8499755859375,1171.6500244140625,1180.625,1184.125,1475324.0,1079.7178955078125
2017-01-04,1194.425048828125,1179.1500244140625,1184.8499755859375,1189.75,1420066.0,1084.846923828125
2017-01-05,1194.9749755859375,1160.199951171875,1192.0,1167.199951171875,2216404.0,1064.2852783203125
2017-01-06,1164.675048828125,1128.550048828125,1160.5,1140.699951171875,3009896.0,1040.1220703125
2017-01-09,1155.6500244140625,1128.5,1137.5,1151.8499755859375,1854578.0,1050.2886962890625
2017-01-10,1164.9000244140625,1145.75,1152.0,1157.675048828125,1533914.0,1055.600341796875
2017-01-11,1164.800048828125,1140.0999755859375,1157.5,1162.199951171875,1931296.0,1059.7261962890625
2017-01-12,1180.0,1152.0,1162.199951171875,1172.175048828125,2570374.0,1068.82177734375
2017-01-13,1178.9749755859375,1118.925048828125,1174.0,1124.6500244140625,10235580.0,1025.4871826171875
2017-01-16,1136.949951171875,1114.0,1125.0,1129.2750244140625,3364808.0,1029.7044677734375
2017-01-17,1143.9000244140625,1126.4000244140625,1127.449951171875,1139.375,3009956.0,1038.9139404296875
2017-01-18,1149.0,1132.7249755859375,1139.0,1147.550048828125,3136574.0,1046.367919921875
2017-01-19,1147.574951171875,1141.4749755859375,1147.5,1145.5,2251676.0,1044.4989013671875
2017-01-20,1150.0,1132.5,1143.5,1142.675048828125,2037246.0,1041.9227294921875
2017-01-23,1156.75,1129.9000244140625,1132.5,1153.3499755859375,2318546.0,1054.65625
2017-01-24,1161.5,1145.0,1152.0,1159.175048828125,2282638.0,1059.98291015625
2017-01-25,1180.0,1159.0250244140625,1161.300048828125,1176.5,4111648.0,1075.8251953125
2017-01-27,1189.375,1172.5250244140625,1172.5250244140625,1178.9000244140625,2871658.0,1078.019775390625
2017-01-30,1175.9749755859375,1159.074951171875,1170.5,1166.449951171875,2577956.0,1066.6351318359375
2017-01-31,1166.0250244140625,1100.0250244140625,1160.0,1114.9000244140625,4666804.0,1019.4964599609375
2017-02-01,1119.9749755859375,1077.7750244140625,1110.0,1083.949951171875,4864152.0,991.1948852539062
2017-02-02,1109.5,1076.5,1085.0250244140625,1103.824951171875,6009482.0,1009.368896484375
2017-02-03,1121.5,1095.5,1104.8499755859375,1116.2750244140625,2153372.0,1020.7537841796875
2017-02-06,1129.25,1107.4749755859375,1129.0,1120.375,2408910.0,1024.5028076171875
2017-02-07,1126.300048828125,1113.0,1122.0,1122.300048828125,1814638.0,1026.2633056640625
2017-02-08,1141.300048828125,1122.0250244140625,1122.449951171875,1135.4749755859375,2212584.0,1038.310546875
2017-02-09,1164.0,1135.0999755859375,1137.5,1158.6500244140625,4033202.0,1059.5029296875
2017-02-10,1212.2249755859375,1155.5,1155.5,1198.9749755859375,5782160.0,1096.376953125
2017-02-13,1214.5,1191.175048828125,1198.0,1207.125,3819812.0,1103.8297119140625
2017-02-14,1209.824951171875,1199.0,1209.824951171875,1203.125,2033328.0,1100.171875
2017-02-15,1214.0,1187.550048828125,1198.5,1206.8499755859375,1924972.0,1103.5780029296875
2017-02-16,1239.0,1217.800048828125,1230.0,1223.875,4175680.0,1119.14599609375
2017-02-17,1237.800048828125,1201.0,1236.0,1203.949951171875,2723324.0,1100.9261474609375
2017-02-20,1277.5,1204.050048828125,1212.5,1251.0999755859375,3973948.0,1144.041748046875
2017-02-21,1262.949951171875,1227.574951171875,1257.0,1232.675048828125,5501112.0,1127.1932373046875
2017-02-22,1235.0,1200.074951171875,1232.949951171875,1205.75,4505496.0,1102.5721435546875
2017-02-23,1246.625,1207.5,1207.5,1240.9000244140625,4853352.0,1134.71435546875
2017-02-27,1251.0,1235.0250244140625,1239.550048828125,1244.925048828125,2139892.0,1138.395263671875
2017-02-28,1245.0,1225.0,1244.75,1233.125,2354828.0,1127.60498046875
2017-03-01,1250.949951171875,1235.0,1239.949951171875,1239.7750244140625,1130374.0,1133.68603515625
2017-03-02,1255.0,1235.0250244140625,1243.3499755859375,1250.7249755859375,1544942.0,1143.69873046875
2017-03-03,1249.8499755859375,1237.699951171875,1246.0,1247.0250244140625,1013970.0,1140.3155517578125
2017-03-06,1242.0,1227.2750244140625,1240.0,1236.25,1400694.0,1130.4625244140625
2017-03-07,1252.5,1237.5250244140625,1241.449951171875,1249.9000244140625,1511672.0,1142.9444580078125
2017-03-08,1260.0,1246.0999755859375,1251.0,1256.0999755859375,1791510.0,1148.61376953125
2017-03-09,1262.0,1252.0250244140625,1257.074951171875,1259.875,858468.0,1152.0657958984375
2017-03-10,1274.7750244140625,1256.9749755859375,1259.800048828125,1271.125,1171420.0,1162.3529052734375
2017-03-14,1293.574951171875,1275.5250244140625,1278.4000244140625,1283.75,3402294.0,1173.897705078125
2017-03-15,1286.074951171875,1246.925048828125,1286.0,1249.1500244140625,3022496.0,1142.2586669921875
2017-03-16,1263.5,1253.0,1253.0,1260.449951171875,1571818.0,1152.5916748046875
2017-03-17,1273.0,1254.875,1273.0,1262.875,2593152.0,1154.809326171875
2017-03-20,1262.9749755859375,1233.0,1262.9749755859375,1240.0,3487540.0,1133.8916015625
2017-03-21,1246.0,1232.5,1241.0,1243.3499755859375,3373700.0,1136.9547119140625
2017-03-22,1248.0,1234.9749755859375,1240.074951171875,1239.4749755859375,1888716.0,1133.4112548828125
2017-03-23,1242.5250244140625,1223.5999755859375,1241.0,1230.175048828125,2620638.0,1124.9071044921875
2017-03-24,1234.9000244140625,1211.6500244140625,1234.9000244140625,1213.5999755859375,5099814.0,1109.75048828125
2017-03-27,1220.0,1203.0,1213.4749755859375,1206.0250244140625,2181270.0,1102.823974609375
2017-03-28,1221.699951171875,1205.0,1205.0,1214.9749755859375,1153158.0,1111.0079345703125
2017-03-29,1225.4000244140625,1212.800048828125,1218.0,1222.300048828125,1717764.0,1117.706298828125
2017-03-30,1232.5,1217.5,1222.449951171875,1220.5,2986086.0,1116.0599365234375
2017-03-31,1220.425048828125,1207.5,1219.199951171875,1215.9000244140625,1867044.0,1111.8536376953125
2017-04-03,1217.5,1204.0999755859375,1217.5,1205.8499755859375,1196888.0,1102.663818359375
2017-04-05,1209.949951171875,1197.5,1209.949951171875,1200.625,2905568.0,1097.8858642578125
2017-04-06,1205.0,1196.2750244140625,1200.0,1200.0250244140625,1720704.0,1097.337158203125
2017-04-07,1216.625,1196.074951171875,1197.449951171875,1214.5250244140625,2277012.0,1110.596435546875
2017-04-10,1224.5,1202.5,1216.0,1211.125,2543264.0,1107.487548828125
2017-04-11,1221.550048828125,1203.0,1208.6500244140625,1209.6500244140625,1557784.0,1106.138427734375
2017-04-12,1214.0,1191.5,1211.25,1196.625,1050538.0,1094.22802734375
2017-04-13,1204.5,1160.5250244140625,1200.0,1164.324951171875,2500472.0,1064.69189453125
2017-04-17,1166.449951171875,1147.574951171875,1165.199951171875,1157.425048828125,2270882.0,1058.3826904296875
2017-04-18,1167.0999755859375,1151.0250244140625,1165.0,1154.4000244140625,1730620.0,1055.616455078125
2017-04-19,1174.3499755859375,1126.4000244140625,1131.75,1149.574951171875,5626812.0,1051.2044677734375
2017-04-20,1166.0,1145.4749755859375,1152.6500244140625,1162.75,1268842.0,1063.2520751953125
2017-04-21,1167.824951171875,1150.5,1164.550048828125,1155.4000244140625,1161154.0,1056.5308837890625
2017-04-24,1169.824951171875,1141.25,1150.0,1164.050048828125,2000020.0,1064.4405517578125
2017-04-25,1172.2249755859375,1151.3499755859375,1164.0,1155.75,3148710.0,1056.850830078125
2017-04-26,1171.9749755859375,1151.5250244140625,1170.0,1155.175048828125,2187438.0,1056.3253173828125
2017-04-27,1163.9000244140625,1138.824951171875,1153.0250244140625,1151.324951171875,5773186.0,1052.804443359375
2017-04-28,1149.375,1134.0,1147.0,1136.574951171875,2540510.0,1039.316650390625
2017-05-02,1151.0,1140.0,1147.0,1144.949951171875,2382696.0,1046.974609375
2017-05-03,1172.5,1134.25,1147.5,1168.6500244140625,3514406.0,1068.6468505859375
2017-05-04,1175.0,1154.4000244140625,1174.9749755859375,1165.050048828125,2708208.0,1065.355224609375
2017-05-05,1166.25,1151.25,1154.0,1160.25,1682474.0,1060.9656982421875
2017-05-08,1173.699951171875,1158.8499755859375,1160.5,1171.2249755859375,1071782.0,1071.0018310546875
2017-05-09,1180.5,1166.2750244140625,1171.9749755859375,1176.2750244140625,1790270.0,1075.619873046875
2017-05-10,1178.074951171875,1158.0,1177.5,1166.2249755859375,1206388.0,1066.429443359375
2017-05-11,1180.0,1161.375,1173.6500244140625,1174.7249755859375,2071302.0,1074.2021484375
2017-05-12,1184.949951171875,1160.0250244140625,1171.6500244140625,1180.324951171875,2314446.0,1079.3231201171875
2017-05-15,1188.9749755859375,1170.800048828125,1187.550048828125,1182.550048828125,1817604.0,1081.357666015625
2017-05-16,1217.5,1186.7249755859375,1190.0,1214.574951171875,3601026.0,1110.64208984375
2017-05-17,1230.375,1211.5,1216.75,1227.675048828125,2876198.0,1122.621337890625
2017-05-18,1286.0,1221.125,1225.0,1268.0999755859375,5138594.0,1159.5869140625
2017-05-19,1270.2750244140625,1243.0,1268.0999755859375,1253.574951171875,1786044.0,1146.3048095703125
2017-05-22,1276.875,1255.0,1255.0,1265.675048828125,1663940.0,1157.3692626953125
2017-05-23,1282.074951171875,1257.0,1266.5999755859375,1260.8499755859375,2748596.0,1152.9573974609375
2017-05-24,1285.0,1264.824951171875,1267.4000244140625,1279.574951171875,2534548.0,1170.080078125
2017-05-25,1318.7750244140625,1284.0,1288.5,1312.300048828125,4094094.0,1200.0045166015625
2017-05-26,1313.425048828125,1282.324951171875,1312.5,1289.125,1362550.0,1178.812744140625
2017-05-29,1298.25,1282.0,1289.5,1286.425048828125,1749290.0,1176.343994140625
2017-05-30,1287.9749755859375,1262.5,1280.0,1275.550048828125,927634.0,1166.3995361328125
2017-05-31,1286.25,1264.0,1266.5,1273.300048828125,2502730.0,1164.3421630859375
2017-06-01,1282.0,1265.0,1265.0,1276.800048828125,1080064.0,1167.54248046875
2017-06-02,1295.925048828125,1276.25,1278.125,1282.449951171875,1355648.0,1172.7091064453125
2017-06-05,1309.949951171875,1280.074951171875,1282.5,1301.9749755859375,1500188.0,1190.5633544921875
2017-06-06,1354.4749755859375,1315.0,1315.5,1348.0,5946720.0,1232.64990234375
2017-06-07,1350.0,1288.2750244140625,1348.5,1307.625,4927776.0,1195.72998046875
2017-06-08,1302.4749755859375,1257.75,1299.0,1260.800048828125,3330714.0,1152.91162109375
2017-06-09,1273.699951171875,1243.0,1260.0,1253.5,3148034.0,1146.2364501953125
2017-06-12,1256.449951171875,1235.199951171875,1248.5,1243.5999755859375,1626506.0,1137.18359375
2017-06-13,1240.550048828125,1223.5,1232.5,1225.7750244140625,1175414.0,1133.4151611328125
2017-06-14,1238.0,1227.5,1227.5,1235.0999755859375,1489142.0,1142.0379638671875
2017-06-15,1234.8499755859375,1202.5,1234.5,1205.5999755859375,2997198.0,1114.7606201171875
2017-06-16,1217.5,1193.25,1207.4749755859375,1199.8499755859375,2450426.0,1109.443603515625
2017-06-19,1223.175048828125,1202.574951171875,1208.449951171875,1215.8499755859375,1644742.0,1124.2384033203125
2017-06-20,1224.5,1190.1500244140625,1215.5,1222.5,1670958.0,1130.38720703125
2017-06-21,1221.074951171875,1198.5999755859375,1220.0,1203.1500244140625,1657818.0,1112.4952392578125
2017-06-22,1215.5,1192.5,1204.5,1197.425048828125,5775882.0,1107.2015380859375
2017-06-23,1206.9749755859375,1177.0,1199.699951171875,1180.8499755859375,1424756.0,1091.87548828125
2017-06-27,1192.3499755859375,1165.800048828125,1175.300048828125,1171.425048828125,1974330.0,1083.16064453125
2017-06-28,1179.0,1167.5,1174.949951171875,1175.0250244140625,1789726.0,1086.4893798828125
2017-06-29,1186.0250244140625,1161.550048828125,1179.5,1166.625,2471826.0,1078.722412109375
2017-06-30,1188.5,1161.550048828125,1162.199951171875,1181.175048828125,1753848.0,1092.176025390625
2017-07-03,1191.5250244140625,1171.550048828125,1178.699951171875,1186.800048828125,1475956.0,1097.3773193359375
2017-07-04,1190.2249755859375,1175.0250244140625,1186.6500244140625,1183.425048828125,1215134.0,1094.2567138671875
2017-07-05,1182.5,1172.5,1180.4000244140625,1178.0,815856.0,1089.2401123046875
2017-07-06,1180.949951171875,1170.050048828125,1179.5,1173.7750244140625,1026788.0,1085.3336181640625
2017-07-07,1178.2249755859375,1162.75,1175.0,1165.9749755859375,1232090.0,1078.121337890625
2017-07-10,1222.449951171875,1189.4749755859375,1203.0,1217.4749755859375,783608.0,1125.7408447265625
2017-07-11,1257.4000244140625,1213.0,1213.0,1237.9000244140625,3537504.0,1144.6270751953125
2017-07-12,1241.6500244140625,1215.050048828125,1241.25,1219.7249755859375,2646450.0,1127.8212890625
2017-07-13,1236.0,1213.300048828125,1222.5,1223.199951171875,3131960.0,1131.0345458984375
2017-07-14,1212.5,1187.5,1191.5,1198.7249755859375,4508432.0,1108.40380859375
2017-07-17,1211.050048828125,1191.0999755859375,1198.8499755859375,1197.7249755859375,2211822.0,1107.478759765625
2017-07-18,1221.5,1198.074951171875,1198.074951171875,1204.175048828125,1908002.0,1113.4432373046875
2017-07-19,1230.0,1207.550048828125,1207.75,1224.800048828125,3915576.0,1132.513916015625
2017-07-20,1228.449951171875,1215.25,1224.625,1222.3499755859375,1182504.0,1130.2486572265625
2017-07-21,1250.0,1217.2750244140625,1217.449951171875,1245.5999755859375,2148416.0,1151.746826171875
2017-07-24,1270.0,1241.0,1241.0,1265.3499755859375,2271402.0,1173.30517578125
2017-07-25,1290.0,1259.199951171875,1262.875,1285.75,2678832.0,1192.2213134765625
2017-07-26,1287.5,1273.5,1280.0,1278.0,1459826.0,1185.035400390625
2017-07-27,1292.4000244140625,1233.25,1271.0999755859375,1240.8499755859375,4255304.0,1150.5875244140625
2017-07-28,1246.5250244140625,1221.0,1240.5,1242.1500244140625,1382752.0,1151.79296875
2017-07-31,1259.5,1231.5,1235.5,1245.9000244140625,2019662.0,1155.2701416015625
2017-08-01,1260.375,1245.5,1250.0,1250.824951171875,1747460.0,1159.8367919921875
2017-08-02,1254.0,1231.0,1250.0,1236.9000244140625,1251024.0,1146.9248046875
2017-08-03,1251.0,1233.2249755859375,1240.0,1244.7249755859375,1882548.0,1154.1807861328125
2017-08-04,1264.1500244140625,1244.0,1245.4000244140625,1261.4000244140625,1387890.0,1169.642822265625
2017-08-07,1260.0,1240.5999755859375,1258.25,1251.7249755859375,1885520.0,1160.67138671875
2017-08-08,1264.300048828125,1248.1500244140625,1256.0,1251.5250244140625,1073958.0,1160.486328125
2017-08-09,1261.425048828125,1246.6500244140625,1250.0,1256.0,992946.0,1164.635498046875
2017-08-10,1260.300048828125,1243.175048828125,1254.5,1255.7249755859375,1526172.0,1164.3804931640625
2017-08-11,1267.5,1241.5,1249.949951171875,1248.0250244140625,1394736.0,1157.240478515625
2017-08-14,1254.949951171875,1231.5,1251.5,1234.699951171875,786504.0,1144.885009765625
2017-08-16,1271.9000244140625,1232.5999755859375,1242.0,1246.175048828125,1373340.0,1155.5255126953125
2017-08-17,1252.5,1231.050048828125,1250.3499755859375,1242.824951171875,1752374.0,1152.4189453125
2017-08-18,1274.949951171875,1235.699951171875,1237.0,1256.9000244140625,2837356.0,1165.469970703125
2017-08-21,1274.5,1247.1500244140625,1252.75,1264.4000244140625,2304834.0,1172.4246826171875
2017-08-22,1269.75,1246.0,1261.5,1248.7750244140625,1131326.0,1157.9364013671875
2017-08-23,1258.4000244140625,1236.574951171875,1252.5,1244.7249755859375,1562272.0,1154.1807861328125
2017-08-24,1258.9749755859375,1243.074951171875,1248.8499755859375,1248.300048828125,1623908.0,1157.495849609375
2017-08-28,1252.699951171875,1230.5,1252.300048828125,1243.6500244140625,2036796.0,1153.183837890625
2017-08-29,1248.0,1231.9749755859375,1241.0,1235.425048828125,1312602.0,1145.557373046875
2017-08-30,1245.0,1230.050048828125,1240.5,1242.2750244140625,970782.0,1151.908935546875
2017-08-31,1252.199951171875,1233.324951171875,1242.5,1248.175048828125,1784664.0,1157.3797607421875
2017-09-01,1249.0250244140625,1218.2750244140625,1240.0,1228.2249755859375,1702330.0,1138.880859375
2017-09-04,1230.5,1219.0,1226.550048828125,1228.0999755859375,1062544.0,1138.7652587890625
2017-09-05,1245.0,1218.5250244140625,1230.0,1242.175048828125,1165994.0,1151.8162841796875
2017-09-06,1237.425048828125,1225.0,1234.074951171875,1226.5999755859375,1228764.0,1137.374267578125
2017-09-07,1234.199951171875,1225.5250244140625,1229.0,1230.050048828125,870636.0,1140.5733642578125
2017-09-08,1237.0,1226.2750244140625,1226.875,1235.300048828125,1021134.0,1145.44140625
2017-09-11,1241.4749755859375,1225.0,1235.5999755859375,1227.2249755859375,732764.0,1137.953857421875
2017-09-12,1248.5,1228.5,1236.949951171875,1244.2249755859375,1396460.0,1153.717041015625
2017-09-13,1265.824951171875,1237.5999755859375,1250.0,1244.5999755859375,1278980.0,1154.0648193359375
2017-09-14,1248.800048828125,1235.949951171875,1241.0,1243.4749755859375,1081510.0,1153.021484375
2017-09-15,1258.5,1242.5,1249.5,1253.0250244140625,2944072.0,1161.877197265625
2017-09-18,1259.4749755859375,1244.625,1252.4749755859375,1249.5250244140625,726600.0,1158.6317138671875
2017-09-19,1252.5,1245.75,1252.5,1249.125,782754.0,1158.260498046875
2017-09-20,1257.0,1237.1500244140625,1257.0,1246.7750244140625,1334642.0,1156.0816650390625
2017-09-21,1270.5,1240.0,1245.5250244140625,1262.449951171875,2438740.0,1170.6163330078125
2017-09-22,1263.449951171875,1246.0,1259.949951171875,1251.800048828125,2435396.0,1160.7412109375
2017-09-25,1267.0,1246.375,1248.2750244140625,1255.375,1599558.0,1164.0560302734375
2017-09-26,1263.199951171875,1233.0,1255.0,1237.324951171875,1449230.0,1147.3189697265625
2017-09-27,1256.0999755859375,1236.875,1245.0,1247.5,2010356.0,1156.753662109375
2017-09-28,1257.0,1226.0,1247.3499755859375,1238.2249755859375,4332866.0,1148.153564453125
2017-09-29,1242.0,1210.75,1239.5,1217.9749755859375,1985014.0,1129.37646484375
2017-10-03,1227.1500244140625,1213.5250244140625,1220.0,1224.2249755859375,1923006.0,1135.172119140625
2017-10-04,1227.0,1212.5,1224.800048828125,1221.1500244140625,1300778.0,1132.3206787109375
2017-10-05,1221.7249755859375,1212.199951171875,1220.5,1214.800048828125,1684686.0,1126.4327392578125
2017-10-06,1227.5,1214.0250244140625,1215.0,1223.324951171875,1389188.0,1134.3375244140625
2017-10-09,1233.9749755859375,1220.5250244140625,1220.5250244140625,1227.050048828125,1773616.0,1137.7916259765625
2017-10-10,1234.9749755859375,1225.625,1227.5,1229.625,1222010.0,1140.1790771484375
2017-10-11,1257.2249755859375,1228.375,1230.0,1250.175048828125,1527746.0,1159.234375
2017-10-12,1277.5,1253.5,1256.5,1274.0999755859375,5006356.0,1181.418701171875
2017-10-13,1304.4749755859375,1261.5,1274.0999755859375,1279.300048828125,4066320.0,1186.2408447265625
2017-10-16,1295.0,1277.5250244140625,1277.5250244140625,1292.199951171875,1218590.0,1198.2022705078125
2017-10-17,1307.4749755859375,1288.7750244140625,1292.5,1297.2750244140625,1443016.0,1202.908203125
2017-10-18,1306.824951171875,1290.0,1297.5,1293.300048828125,1514144.0,1199.2225341796875
2017-10-19,1297.9000244140625,1285.5,1296.0,1291.949951171875,86822.0,1197.970458984375
2017-10-23,1314.5,1273.7249755859375,1292.0,1293.949951171875,1886088.0,1199.8253173828125
2017-10-24,1310.449951171875,1284.5250244140625,1310.0,1289.199951171875,1339020.0,1195.4202880859375
2017-10-25,1307.0,1277.5,1289.25,1279.949951171875,1105106.0,1190.074462890625
2017-10-26,1284.574951171875,1258.949951171875,1267.550048828125,1269.425048828125,3007552.0,1180.288330078125
2017-10-27,1296.574951171875,1265.1500244140625,1269.0,1292.1500244140625,1409270.0,1201.417724609375
2017-10-30,1310.0,1290.8499755859375,1293.0,1308.0999755859375,1137252.0,1216.2476806640625
2017-10-31,1320.0,1300.6500244140625,1300.6500244140625,1312.0,1592634.0,1219.8740234375
2017-11-01,1313.425048828125,1289.425048828125,1312.0,1301.425048828125,741882.0,1210.04150390625
2017-11-02,1337.0,1303.375,1304.25,1313.074951171875,1468422.0,1220.8731689453125
2017-11-03,1318.3499755859375,1301.4000244140625,1316.199951171875,1310.050048828125,666886.0,1218.060791015625
2017-11-06,1335.9000244140625,1305.875,1310.0,1332.7750244140625,1377000.0,1239.18994140625
2017-11-07,1384.0,1333.0250244140625,1335.0,1355.0250244140625,2696892.0,1259.8775634765625
2017-11-08,1379.5,1359.125,1361.5,1367.5,1402252.0,1271.4766845703125
2017-11-09,1375.0,1359.6500244140625,1375.0,1368.199951171875,1152432.0,1272.12744140625
2017-11-10,1363.0,1346.675048828125,1361.0999755859375,1354.375,1356566.0,1259.273193359375
2017-11-13,1388.699951171875,1351.0250244140625,1351.0250244140625,1379.4749755859375,1496996.0,1282.6109619140625
2017-11-14,1378.2750244140625,1353.75,1378.2750244140625,1357.300048828125,1657252.0,1261.9931640625
2017-11-15,1377.5,1350.675048828125,1353.0,1352.6500244140625,6670834.0,1257.6695556640625
2017-11-16,1381.5,1343.4749755859375,1355.0,1373.324951171875,1653482.0,1276.892578125
2017-11-17,1374.050048828125,1351.800048828125,1374.050048828125,1353.6500244140625,1325464.0,1258.599365234375
2017-11-20,1363.449951171875,1347.6500244140625,1357.5,1351.7249755859375,1014498.0,1256.8094482421875
2017-11-21,1350.5,1333.0,1350.5,1336.4749755859375,1527740.0,1242.6302490234375
2017-11-22,1354.8499755859375,1336.199951171875,1336.5,1340.324951171875,1822624.0,1246.2099609375
2017-11-23,1346.5,1334.5,1340.5,1340.625,793470.0,1246.4888916015625
2017-11-24,1351.449951171875,1336.550048828125,1341.0,1344.0250244140625,2287512.0,1249.64990234375
2017-11-27,1347.949951171875,1331.0999755859375,1344.0,1342.925048828125,1856786.0,1248.627197265625
2017-11-28,1351.199951171875,1335.0,1343.0,1342.6500244140625,911716.0,1248.37158203125
2017-11-29,1346.5,1325.0,1338.75,1329.074951171875,1447532.0,1235.7498779296875
2017-11-30,1333.4749755859375,1311.5,1326.824951171875,1318.5,4299962.0,1225.9176025390625
2017-12-01,1334.0,1310.75,1317.5,1314.9749755859375,1031144.0,1222.6400146484375
2017-12-04,1329.25,1301.4749755859375,1311.0,1316.175048828125,1259104.0,1223.7557373046875
2017-12-05,1325.8499755859375,1314.074951171875,1315.5,1317.7750244140625,1167914.0,1225.243408203125
2017-12-06,1322.5,1306.425048828125,1318.0,1316.6500244140625,1407518.0,1224.197509765625
2017-12-07,1322.9749755859375,1307.5,1316.1500244140625,1308.625,1326300.0,1216.7357177734375
2017-12-08,1322.5,1298.5,1309.0,1300.75,1385548.0,1209.413818359375
2017-12-11,1336.324951171875,1304.175048828125,1304.175048828125,1330.550048828125,1008002.0,1237.121337890625
2017-12-12,1331.0,1303.699951171875,1330.5,1306.074951171875,1882246.0,1214.364501953125
2017-12-13,1325.7249755859375,1300.5,1305.699951171875,1314.199951171875,2961458.0,1221.919189453125
2017-12-14,1316.0,1265.550048828125,1316.0,1278.9000244140625,5504150.0,1189.0980224609375
2017-12-15,1292.2249755859375,1268.425048828125,1281.875,1272.800048828125,2718138.0,1183.426025390625
2017-12-18,1294.4749755859375,1247.175048828125,1268.5,1290.25,2180664.0,1199.6510009765625
2017-12-19,1298.9000244140625,1282.3499755859375,1288.0,1287.6500244140625,1801952.0,1197.2337646484375
2017-12-20,1296.375,1275.324951171875,1291.0,1294.4749755859375,1577570.0,1203.5794677734375
2017-12-21,1304.0,1290.0250244140625,1293.5,1297.8499755859375,1293648.0,1206.71728515625
2017-12-22,1331.949951171875,1295.0999755859375,1302.0,1323.375,3665664.0,1230.4500732421875
2017-12-26,1344.875,1315.800048828125,1343.0,1324.7249755859375,2175786.0,1231.705322265625
2017-12-27,1329.25,1305.25,1324.7249755859375,1309.949951171875,739284.0,1217.9676513671875
2017-12-28,1326.75,1302.824951171875,1304.4000244140625,1313.4749755859375,2605088.0,1221.2452392578125
2017-12-29,1354.449951171875,1309.2750244140625,1311.550048828125,1350.5999755859375,2609542.0,1255.763427734375
2018-01-01,1347.4000244140625,1317.5,1341.1500244140625,1322.800048828125,1351760.0,1229.91552734375
2018-01-02,1334.800048828125,1310.0999755859375,1330.0,1315.5999755859375,1920290.0,1223.2210693359375
2018-01-03,1334.5,1315.5999755859375,1316.0,1319.324951171875,1257120.0,1226.684326171875
2018-01-04,1331.0,1320.0,1325.0,1328.550048828125,913082.0,1235.2615966796875
2018-01-05,1349.75,1325.0,1325.0,1344.5999755859375,1153706.0,1250.1845703125
2018-01-08,1363.425048828125,1340.925048828125,1350.0,1357.199951171875,1242220.0,1261.9000244140625
2018-01-09,1360.5,1338.2750244140625,1357.5,1354.5,2149396.0,1259.3892822265625
2018-01-10,1408.0,1347.324951171875,1355.5,1403.300048828125,3365850.0,1304.7630615234375
2018-01-11,1410.949951171875,1391.0999755859375,1405.0,1395.25,2520744.0,1297.278076171875
2018-01-12,1402.5,1370.2750244140625,1402.5,1388.175048828125,3360314.0,1290.699951171875
2018-01-15,1404.0,1367.5250244140625,1388.574951171875,1373.050048828125,1457214.0,1276.6368408203125
2018-01-16,1430.824951171875,1375.2750244140625,1378.0,1425.425048828125,4267752.0,1325.334228515625
2018-01-17,1462.5,1431.074951171875,1435.0,1444.4749755859375,4280806.0,1343.0465087890625
2018-01-18,1466.5,1434.0250244140625,1448.5,1459.0999755859375,2209478.0,1356.64453125
2018-01-19,1491.0,1451.824951171875,1465.2750244140625,1479.6500244140625,1820000.0,1375.7518310546875
2018-01-22,1567.3499755859375,1461.0,1480.5,1558.199951171875,4367110.0,1452.2210693359375
2018-01-23,1571.175048828125,1545.0250244140625,1557.4749755859375,1551.0,3239610.0,1445.510986328125
2018-01-24,1629.5250244140625,1541.324951171875,1545.0,1587.300048828125,5621538.0,1479.342041015625
2018-01-25,1589.9000244140625,1540.5,1587.5,1560.5250244140625,3833844.0,1454.3880615234375
2018-01-29,1612.5,1561.0,1565.699951171875,1599.425048828125,3141060.0,1490.642333984375
2018-01-30,1601.9000244140625,1571.8499755859375,1590.0,1576.425048828125,1574758.0,1469.2066650390625
2018-01-31,1575.0,1549.300048828125,1568.5,1556.175048828125,3043214.0,1450.3338623046875
2018-02-01,1595.0,1544.4000244140625,1562.0,1569.300048828125,2400630.0,1462.5662841796875
2018-02-02,1595.0,1551.7249755859375,1560.0,1576.824951171875,2456490.0,1469.5797119140625
2018-02-05,1594.0,1538.425048828125,1555.0,1551.5999755859375,2757742.0,1446.0701904296875
2018-02-06,1538.574951171875,1492.5,1505.0,1498.625,2657306.0,1396.6982421875
2018-02-07,1515.5,1473.7249755859375,1513.5,1477.5250244140625,2180324.0,1377.033203125
2018-02-08,1513.800048828125,1479.5,1489.875,1487.0999755859375,2755004.0,1385.9571533203125
2018-02-09,1497.0,1448.324951171875,1475.0,1485.8499755859375,2102458.0,1384.7919921875
2018-02-12,1511.675048828125,1477.7750244140625,1489.1500244140625,1483.6500244140625,1974562.0,1382.74169921875
2018-02-14,1487.2249755859375,1446.25,1485.0,1455.9000244140625,2847532.0,1356.8792724609375
2018-02-15,1471.5,1452.550048828125,1465.9749755859375,1462.925048828125,2465236.0,1363.4261474609375
2018-02-16,1499.800048828125,1461.5,1461.5,1466.5250244140625,2515756.0,1366.78125
2018-02-19,1476.6500244140625,1447.5999755859375,1472.5,1461.800048828125,1568224.0,1362.3778076171875
2018-02-20,1492.5250244140625,1463.949951171875,1464.0,1472.375,1889068.0,1372.2335205078125
2018-02-21,1531.300048828125,1480.0250244140625,1487.0,1521.1500244140625,3089228.0,1417.691162109375
2018-02-22,1539.5,1511.25,1526.0,1525.0999755859375,3463010.0,1421.3724365234375
2018-02-23,1544.5,1496.050048828125,1525.0,1537.9000244140625,3362500.0,1433.302001953125
2018-02-26,1544.9749755859375,1510.5999755859375,1537.5,1515.8499755859375,1363882.0,1412.75146484375
2018-02-27,1539.2750244140625,1516.0,1520.5,1521.175048828125,1717800.0,1417.71435546875
2018-02-28,1531.9749755859375,1510.7249755859375,1517.5,1517.5250244140625,2706864.0,1414.3125
2018-03-01,1530.5999755859375,1510.0,1524.5,1518.8499755859375,1718124.0,1415.547607421875
2018-03-05,1556.824951171875,1516.4749755859375,1524.5,1552.925048828125,2858168.0,1447.3052978515625
2018-03-06,1563.5,1515.074951171875,1561.0,1521.4000244140625,1906764.0,1417.9241943359375
2018-03-07,1544.5,1509.25,1535.0,1513.7249755859375,1917772.0,1410.7711181640625
2018-03-08,1527.449951171875,1493.75,1527.449951171875,1501.9749755859375,1951826.0,1399.820068359375
2018-03-09,1531.5999755859375,1488.5999755859375,1502.5,1517.050048828125,1872436.0,1413.8699951171875
2018-03-12,1541.949951171875,1517.75,1521.5,1526.074951171875,2091340.0,1422.2811279296875
2018-03-13,1469.8499755859375,1436.0,1462.449951171875,1443.4000244140625,88067154.0,1345.229248046875
2018-03-14,1461.5250244140625,1437.5250244140625,1446.4749755859375,1443.449951171875,3668668.0,1345.275634765625
2018-03-15,1451.2750244140625,1427.800048828125,1447.5,1434.8499755859375,2348906.0,1337.2608642578125
2018-03-16,1436.0,1402.5,1434.4000244140625,1412.8499755859375,7197482.0,1316.757080078125
2018-03-19,1424.0,1410.0,1414.5,1415.5,3489940.0,1319.2265625
2018-03-20,1436.5999755859375,1409.5,1410.0,1432.425048828125,4024984.0,1335.000732421875
2018-03-21,1442.1500244140625,1425.0,1436.25,1428.375,3907678.0,1331.2261962890625
2018-03-22,1437.9749755859375,1411.2750244140625,1429.9749755859375,1415.675048828125,2326094.0,1319.3900146484375
2018-03-23,1417.050048828125,1399.0250244140625,1401.0,1409.074951171875,3654122.0,1313.2386474609375
2018-03-26,1413.699951171875,1390.7750244140625,1409.5,1408.5,2964210.0,1312.7027587890625
2018-03-27,1431.5,1411.5250244140625,1412.5,1423.8499755859375,2494574.0,1327.0087890625
2018-03-28,1437.5,1412.5,1417.949951171875,1424.574951171875,6865654.0,1327.684326171875
2018-04-02,1457.0,1420.0,1420.0,1454.824951171875,1662988.0,1355.877197265625
2018-04-03,1464.949951171875,1446.050048828125,1446.050048828125,1455.625,1937290.0,1356.6226806640625
2018-04-04,1467.0,1446.0,1464.7249755859375,1455.449951171875,2841820.0,1356.45947265625
2018-04-05,1481.875,1460.175048828125,1463.2750244140625,1478.9749755859375,1809424.0,1378.384521484375
2018-04-06,1480.0,1463.2750244140625,1477.0,1475.1500244140625,1129018.0,1374.81982421875
2018-04-09,1481.75,1457.5,1469.8499755859375,1461.949951171875,1235866.0,1362.517578125
2018-04-10,1478.625,1462.8499755859375,1462.8499755859375,1468.800048828125,1184532.0,1368.901611328125
2018-04-11,1512.5,1472.800048828125,1475.300048828125,1507.074951171875,3124416.0,1404.5732421875
2018-04-12,1575.0,1503.9749755859375,1505.0,1569.625,6114360.0,1462.868896484375
2018-04-13,1620.4000244140625,1566.050048828125,1575.0,1576.6500244140625,8179118.0,1469.41650390625
2018-04-16,1599.9749755859375,1555.375,1558.0,1593.824951171875,6270274.0,1485.423095703125
2018-04-17,1597.4749755859375,1573.5999755859375,1593.824951171875,1583.300048828125,3301724.0,1475.6141357421875
2018-04-18,1596.7249755859375,1572.925048828125,1583.0,1579.550048828125,2433066.0,1472.1192626953125
2018-04-19,1608.5999755859375,1582.875,1589.949951171875,1595.574951171875,4820952.0,1487.053955078125
2018-04-20,1711.175048828125,1620.0,1625.0,1701.2249755859375,18465662.0,1585.5184326171875
2018-04-23,1778.949951171875,1694.7750244140625,1712.0,1704.324951171875,15185910.0,1588.4078369140625
2018-04-24,1721.574951171875,1671.25,1705.0,1692.824951171875,8314336.0,1577.6898193359375
2018-04-25,1741.5,1682.5250244140625,1692.5,1735.125,8196574.0,1617.113037109375
2018-04-26,1780.0,1733.5,1733.5,1769.625,12135034.0,1649.2666015625
2018-04-27,1772.0,1710.0,1762.5,1725.9749755859375,4501330.0,1608.5853271484375
2018-04-30,1774.5,1718.800048828125,1725.9749755859375,1766.050048828125,3458558.0,1645.9344482421875
2018-05-02,1766.0999755859375,1735.6500244140625,1765.25,1749.875,3158046.0,1630.8597412109375
2018-05-03,1763.0,1735.199951171875,1754.9000244140625,1740.925048828125,3761550.0,1622.518310546875
2018-05-04,1748.5,1735.0,1746.0,1740.375,2347244.0,1622.0059814453125
2018-05-07,1745.0,1705.449951171875,1745.0,1710.4749755859375,3484426.0,1594.1392822265625
2018-05-08,1743.25,1698.3499755859375,1717.3499755859375,1720.5999755859375,2992820.0,1603.575927734375
2018-05-09,1747.375,1720.0999755859375,1720.0999755859375,1744.6500244140625,2615050.0,1625.9903564453125
2018-05-10,1755.574951171875,1720.0999755859375,1751.4749755859375,1725.625,3858678.0,1608.2589111328125
2018-05-11,1742.5,1721.25,1727.0999755859375,1728.4749755859375,2627876.0,1610.9150390625
2018-05-14,1735.5,1705.4000244140625,1728.5,1716.7750244140625,2433894.0,1600.0108642578125
2018-05-15,1747.9000244140625,1716.8499755859375,1725.0,1741.199951171875,1952890.0,1622.7747802734375
2018-05-16,1754.5,1737.625,1739.9749755859375,1746.949951171875,1648450.0,1628.133544921875
2018-05-17,1766.574951171875,1738.0,1756.4749755859375,1745.9000244140625,2968048.0,1627.155029296875
2018-05-18,1758.8499755859375,1729.0,1740.4000244140625,1751.0250244140625,1874996.0,1631.9312744140625
2018-05-21,1796.0,1759.0250244140625,1764.3499755859375,1778.375,3446178.0,1657.4215087890625
2018-05-22,1787.4749755859375,1746.8499755859375,1779.0,1754.449951171875,1857416.0,1635.12353515625
2018-05-23,1772.5,1740.5,1762.5,1747.550048828125,1507298.0,1628.6927490234375
2018-05-24,1807.5,1751.175048828125,1755.0,1801.8499755859375,2962316.0,1679.2996826171875
2018-05-25,1837.4000244140625,1786.2750244140625,1812.5,1792.9000244140625,3769772.0,1670.9583740234375
2018-05-28,1808.25,1743.0,1808.25,1751.0250244140625,3716798.0,1631.9312744140625
2018-05-29,1772.0,1744.0,1764.949951171875,1761.75,3525312.0,1641.9271240234375
2018-05-30,1766.5,1741.25,1754.5250244140625,1757.050048828125,3779106.0,1637.5467529296875
2018-05-31,1759.050048828125,1726.0999755859375,1734.0,1741.050048828125,5049371.0,1636.136962890625
2018-06-01,1757.5,1716.300048828125,1754.0,1732.449951171875,1603856.0,1628.05517578125
2018-06-04,1749.0,1712.5999755859375,1745.0,1744.25,1681483.0,1639.14404296875
2018-06-05,1751.9000244140625,1711.1500244140625,1744.0,1721.5999755859375,2449568.0,1617.8592529296875
2018-06-06,1734.9000244140625,1715.199951171875,1723.0,1725.75,2236512.0,1621.7589111328125
2018-06-07,1749.0,1723.800048828125,1725.0,1735.550048828125,2414762.0,1630.9686279296875
2018-06-08,1757.300048828125,1735.0,1735.0,1747.0999755859375,2582138.0,1641.822509765625
2018-06-11,1763.0,1743.0,1747.0999755859375,1749.699951171875,2179378.0,1644.265625
2018-06-12,1785.0,1753.0,1757.0,1781.0,4608875.0,1673.6795654296875
2018-06-13,1831.6500244140625,1798.0,1816.0,1824.0999755859375,5370983.0,1714.1827392578125
2018-06-14,1832.300048828125,1784.0,1830.0,1787.550048828125,3819998.0,1679.8350830078125
2018-06-15,1847.0999755859375,1788.5999755859375,1800.0,1840.050048828125,9183574.0,1729.171630859375
2018-06-18,1867.949951171875,1822.1500244140625,1867.949951171875,1829.0,4674987.0,1718.787353515625
2018-06-19,1839.0,1821.0,1822.1500244140625,1824.5,3245034.0,1714.5582275390625
2018-06-20,1836.300048828125,1818.5999755859375,1832.0,1822.449951171875,3107695.0,1712.6319580078125
2018-06-21,1832.0,1817.5999755859375,1832.0,1819.3499755859375,2910659.0,1709.7188720703125
2018-06-22,1827.0,1799.550048828125,1827.0,1809.800048828125,2949458.0,1700.7442626953125
2018-06-25,1822.3499755859375,1806.0,1811.9000244140625,1819.25,2083217.0,1709.6246337890625
2018-06-26,1861.0,1821.0,1823.0,1852.0,4679712.0,1740.4014892578125
2018-06-27,1885.1500244140625,1851.25,1860.0,1858.0,4081208.0,1746.0399169921875
2018-06-28,1871.0,1826.300048828125,1865.0,1842.699951171875,4888125.0,1731.66162109375
2018-06-29,1867.4000244140625,1842.300048828125,1844.9000244140625,1847.75,3506276.0,1736.4073486328125
2018-07-02,1857.800048828125,1841.0999755859375,1852.0,1851.3499755859375,2650290.0,1739.7906494140625
2018-07-03,1879.9000244140625,1857.050048828125,1859.949951171875,1874.050048828125,3242233.0,1761.122802734375
2018-07-04,1879.9000244140625,1857.1500244140625,1879.9000244140625,1866.1500244140625,2700614.0,1753.69873046875
2018-07-05,1887.5,1862.0999755859375,1873.0,1880.300048828125,2472571.0,1766.9962158203125
2018-07-06,1921.0,1881.6500244140625,1882.8499755859375,1912.949951171875,3713781.0,1797.6787109375
2018-07-09,1924.4000244140625,1876.5,1924.0,1883.0,6151747.0,1769.5333251953125
2018-07-10,1898.9000244140625,1870.75,1898.0,1875.0999755859375,5303302.0,1762.1092529296875
2018-07-11,1998.0,1894.1500244140625,1900.0,1979.9000244140625,22903802.0,1860.59423828125
2018-07-12,1990.9000244140625,1960.5,1984.0,1971.3499755859375,6921701.0,1852.5595703125
2018-07-13,1997.9000244140625,1974.0,1975.0,1981.0999755859375,4148185.0,1861.72216796875
2018-07-16,1996.0,1977.449951171875,1990.0,1989.199951171875,2582159.0,1869.3338623046875
2018-07-17,2009.0,1981.0,1989.0,2002.1500244140625,3315492.0,1885.2945556640625
2018-07-18,2011.699951171875,1993.050048828125,2005.0,2000.25,2013869.0,1883.5057373046875
2018-07-19,2010.449951171875,1970.0,2002.0999755859375,1981.4000244140625,1746318.0,1865.755859375
2018-07-20,2000.0,1984.0,1984.9000244140625,1996.5999755859375,1934995.0,1880.0687255859375
2018-07-23,2009.949951171875,1986.0,2001.0,2005.6500244140625,2086201.0,1888.59033203125
2018-07-24,2015.0,1984.1500244140625,2015.0,1999.0,2038423.0,1882.3287353515625
2018-07-25,2002.0,1968.4000244140625,2001.9000244140625,1981.5,1535492.0,1865.849609375
2018-07-26,1985.0,1955.0999755859375,1974.949951171875,1964.699951171875,3503036.0,1850.030517578125
2018-07-27,1964.6500244140625,1940.300048828125,1960.8499755859375,1943.75,2033977.0,1830.3031005859375
2018-07-30,1954.699951171875,1931.550048828125,1943.0,1944.5999755859375,1579251.0,1831.1036376953125
2018-07-31,1947.0,1928.0,1942.0,1940.199951171875,2204803.0,1826.9603271484375
2018-08-01,1981.550048828125,1949.800048828125,1949.949951171875,1976.5,2425180.0,1861.1417236328125
2018-08-02,1985.0,1945.0,1980.0,1948.4000244140625,1509287.0,1834.681884765625
2018-08-03,1982.050048828125,1956.5,1956.5,1979.449951171875,1505131.0,1863.919677734375
2018-08-06,1998.949951171875,1972.25,1997.0,1975.550048828125,1532249.0,1860.2474365234375
2018-08-07,1979.1500244140625,1960.5,1978.199951171875,1967.3499755859375,1353521.0,1852.5257568359375
2018-08-08,1978.300048828125,1962.0,1972.0,1974.0,1315062.0,1858.7877197265625
2018-08-09,1980.800048828125,1966.0,1980.0,1974.3499755859375,2060297.0,1859.1170654296875
2018-08-10,1996.5,1972.050048828125,1980.949951171875,1993.0999755859375,2784105.0,1876.7728271484375
2018-08-13,2004.25,1990.0,1997.800048828125,2000.1500244140625,3559575.0,1883.4114990234375
2018-08-14,2024.5999755859375,1982.4000244140625,1992.0,2003.550048828125,3311765.0,1886.613037109375
2018-08-16,2020.050048828125,1995.0,2000.300048828125,2008.5,2152065.0,1891.2738037109375
2018-08-17,2021.9000244140625,2004.0,2013.8499755859375,2012.75,1213731.0,1895.276123046875
2018-08-20,2024.0,2003.699951171875,2024.0,2009.949951171875,1587032.0,1892.6395263671875
2018-08-21,2024.0,2004.0,2010.1500244140625,2017.6500244140625,1376866.0,1899.889892578125
2018-08-23,2038.0,2020.300048828125,2022.800048828125,2035.0999755859375,3046791.0,1916.321533203125
2018-08-24,2046.0,2031.0,2035.0999755859375,2043.0,1570533.0,1923.7603759765625
2018-08-27,2059.0,2035.0,2043.0,2050.89990234375,1532702.0,1931.1993408203125
2018-08-28,2072.0,2052.0,2055.0,2069.199951171875,1987983.0,1948.4312744140625
2018-08-29,2076.60009765625,2045.5999755859375,2072.5,2072.0,1525867.0,1951.0677490234375
2018-08-30,2085.0,2065.5,2068.0,2082.39990234375,2408020.0,1960.861083984375
2018-08-31,2092.0,2074.0,2082.300048828125,2078.39990234375,2504554.0,1957.0941162109375
2018-09-03,2090.0,2048.39990234375,2084.800048828125,2052.89990234375,1439711.0,1933.08251953125
2018-09-04,2104.75,2056.949951171875,2059.800048828125,2098.89990234375,4420803.0,1976.39794921875
2018-09-05,2107.25,2075.050048828125,2100.0,2079.25,1681106.0,1957.8946533203125
2018-09-06,2081.5,2060.300048828125,2075.0,2075.300048828125,2238097.0,1954.1751708984375
2018-09-07,2084.0,2065.39990234375,2079.300048828125,2079.85009765625,1312182.0,1958.4599609375
2018-09-10,2093.39990234375,2074.25,2084.39990234375,2080.75,1530539.0,1959.3072509765625
2018-09-11,2089.0,2042.199951171875,2089.0,2046.25,3679745.0,1926.8209228515625
2018-09-12,2068.89990234375,2040.0,2052.35009765625,2043.949951171875,2307661.0,1924.655029296875
2018-09-14,2071.550048828125,2018.1500244140625,2044.0,2065.39990234375,3642038.0,1944.85302734375
2018-09-17,2077.800048828125,2054.550048828125,2070.0,2074.14990234375,1033857.0,1953.092041015625
2018-09-18,2078.800048828125,2057.60009765625,2073.0,2070.75,1456507.0,1949.8909912109375
2018-09-19,2089.0,2066.85009765625,2071.89990234375,2077.89990234375,1301268.0,1956.6234130859375
2018-09-21,2121.0,2050.14990234375,2077.0,2103.14990234375,4508530.0,1980.3997802734375
2018-09-24,2210.5,2098.14990234375,2115.0,2198.449951171875,3032226.0,2070.1376953125
2018-09-25,2211.89990234375,2153.800048828125,2204.89990234375,2183.199951171875,2868778.0,2055.77783203125
2018-09-26,2199.0,2135.10009765625,2187.0,2142.14990234375,1970951.0,2017.123291015625
2018-09-27,2209.699951171875,2135.800048828125,2141.89990234375,2188.85009765625,3311802.0,2061.097900390625
2018-09-28,2190.0,2158.85009765625,2178.0,2183.699951171875,2904371.0,2056.24853515625
2018-10-01,2275.949951171875,2190.35009765625,2190.89990234375,2255.550048828125,3772208.0,2123.905029296875
2018-10-03,2255.0,2155.60009765625,2250.300048828125,2162.85009765625,3902322.0,2036.61572265625
2018-10-04,2156.64990234375,2056.35009765625,2156.60009765625,2064.800048828125,4762419.0,1944.2882080078125
2018-10-05,2120.0,2020.9000244140625,2050.0,2102.64990234375,3417624.0,1979.928955078125
2018-10-08,2122.199951171875,2048.14990234375,2102.64990234375,2077.550048828125,2010154.0,1956.2939453125
2018-10-09,2107.64990234375,2053.199951171875,2080.35009765625,2091.800048828125,1867130.0,1969.71240234375
2018-10-10,2105.949951171875,2029.0,2100.0,2043.5999755859375,2749573.0,1924.3251953125
2018-10-11,2013.0,1941.0,1985.0,1979.949951171875,4700256.0,1864.390380859375
2018-10-12,1978.0,1903.0,1978.0,1918.300048828125,9373289.0,1806.3387451171875
2018-10-15,1955.550048828125,1920.0,1940.0,1949.5,2638151.0,1835.7177734375
2018-10-16,1971.9000244140625,1935.0,1958.0,1962.300048828125,2815425.0,1847.7706298828125
2018-10-17,1989.0,1920.0,1970.0,1929.4000244140625,2779207.0,1816.790771484375
2018-10-19,1929.0,1870.050048828125,1929.0,1913.199951171875,3428776.0,1801.5362548828125
2018-10-22,1916.0,1886.949951171875,1914.0,1903.0,1778496.0,1791.931396484375
2018-10-23,1898.0,1837.0,1888.0,1843.6500244140625,2752811.0,1739.702392578125
2018-10-24,1874.0,1811.0999755859375,1852.050048828125,1848.5,2735913.0,1744.2786865234375
2018-10-25,1876.9000244140625,1825.050048828125,1844.0,1853.0,2507233.0,1748.5252685546875
2018-10-26,1853.9000244140625,1791.0999755859375,1853.9000244140625,1799.0999755859375,2285970.0,1697.6640625
2018-10-29,1877.949951171875,1784.3499755859375,1808.699951171875,1871.0,2609483.0,1765.5103759765625
2018-10-30,1909.4000244140625,1845.0,1867.0,1894.800048828125,2404883.0,1787.96826171875
2018-10-31,1943.9000244140625,1875.449951171875,1900.0,1938.1500244140625,2769190.0,1828.8741455078125
2018-11-01,1944.3499755859375,1901.300048828125,1943.6500244140625,1935.75,2769759.0,1826.609619140625
2018-11-02,1954.5999755859375,1905.0,1934.199951171875,1913.449951171875,1818635.0,1805.56689453125
2018-11-05,1927.3499755859375,1884.75,1910.0,1890.8499755859375,1713366.0,1784.2410888671875
2018-11-06,1937.5,1891.0,1894.0,1932.699951171875,1398710.0,1823.7313232421875
2018-11-07,1949.0,1937.0,1940.0,1942.1500244140625,144530.0,1832.648681640625
2018-11-09,1961.949951171875,1905.0,1961.0,1909.199951171875,2570479.0,1801.556396484375
2018-11-12,1946.0999755859375,1908.5,1908.5,1914.8499755859375,2552008.0,1806.887939453125
2018-11-13,1939.0,1903.0,1915.0,1934.949951171875,1418432.0,1825.8546142578125
2018-11-14,1929.9000244140625,1870.0,1925.0,1880.6500244140625,2422318.0,1774.6162109375
2018-11-15,1899.0,1857.5999755859375,1864.0,1872.8499755859375,1829123.0,1767.255859375
2018-11-16,1899.800048828125,1870.25,1889.0,1886.5999755859375,1829729.0,1780.230712890625
2018-11-19,1907.3499755859375,1864.300048828125,1899.0,1902.449951171875,1740628.0,1795.1871337890625
2018-11-20,1902.0,1874.199951171875,1902.0,1878.25,1190182.0,1772.3515625
2018-11-21,1871.050048828125,1798.550048828125,1871.0,1812.0,3840461.0,1709.8367919921875
2018-11-22,1847.5999755859375,1809.949951171875,1820.0,1812.550048828125,3194219.0,1710.355712890625
2018-11-26,1860.0,1784.5,1819.0,1846.0999755859375,4333177.0,1742.01416015625
2018-11-27,1897.9000244140625,1835.3499755859375,1854.0,1890.25,3344839.0,1783.6748046875
2018-11-28,1989.0,1882.5,1889.0,1983.9000244140625,5313249.0,1872.0447998046875
2018-11-29,1997.0,1942.550048828125,1997.0,1960.550048828125,4035441.0,1850.01123046875
2018-11-30,1991.0,1959.8499755859375,1966.0,1968.25,5268901.0,1857.2772216796875
2018-12-03,1990.0,1968.300048828125,1984.0,1982.4000244140625,1610576.0,1870.62939453125
2018-12-04,2019.4000244140625,1971.0,1983.0,2010.8499755859375,3270615.0,1897.475341796875
2018-12-05,2018.0,1985.0,2006.0,2006.75,2501539.0,1893.6065673828125
2018-12-06,2017.0,1979.5999755859375,1998.0,1992.699951171875,2321216.0,1880.3486328125
2018-12-07,2003.9000244140625,1973.0,1985.050048828125,1995.199951171875,1680420.0,1882.7076416015625
2018-12-10,2011.0,1960.0,1975.0,1975.800048828125,2010786.0,1864.401611328125
2018-12-11,2010.0,1961.0,1970.0,2000.0,2942014.0,1887.237060546875
2018-12-12,2022.0,1984.949951171875,2001.0999755859375,2016.800048828125,2219993.0,1903.08984375
2018-12-13,2029.699951171875,1974.5,2024.0,1982.5999755859375,3748429.0,1870.81787109375
2018-12-14,1998.949951171875,1975.25,1983.0,1989.75,2473761.0,1877.5648193359375
2018-12-17,2004.9000244140625,1985.0,1999.0,1994.300048828125,1227921.0,1881.8583984375
2018-12-18,2002.0,1976.4000244140625,1991.9000244140625,1987.8499755859375,1768742.0,1875.772216796875
2018-12-19,1984.800048828125,1960.050048828125,1984.800048828125,1968.449951171875,2498833.0,1857.4658203125
2018-12-20,1974.9000244140625,1946.0,1953.800048828125,1954.050048828125,1940277.0,1843.8779296875
2018-12-21,1950.0,1886.550048828125,1948.0,1895.800048828125,3729956.0,1788.9119873046875
2018-12-24,1938.9000244140625,1905.0,1905.800048828125,1918.5,1864116.0,1810.3321533203125
2018-12-26,1921.800048828125,1870.25,1921.800048828125,1889.199951171875,2446614.0,1782.68408203125
2018-12-27,1941.699951171875,1872.0999755859375,1909.0,1908.949951171875,4968201.0,1801.3204345703125
2018-12-28,1920.0,1893.0,1915.0,1896.050048828125,2239130.0,1789.1480712890625
2018-12-31,1909.0,1886.1500244140625,1908.0,1893.050048828125,1879740.0,1786.3170166015625
2019-01-01,1910.0,1885.0,1896.0,1902.800048828125,1094883.0,1795.517333984375
2019-01-02,1934.449951171875,1900.0,1905.0,1923.300048828125,2100463.0,1814.8616943359375
2019-01-03,1944.949951171875,1893.0999755859375,1919.0,1899.949951171875,2611668.0,1792.828125
2019-01-04,1901.199951171875,1841.0,1900.0,1876.8499755859375,4280862.0,1771.0301513671875
2019-01-07,1908.800048828125,1881.0,1891.800048828125,1897.9000244140625,1856423.0,1790.8935546875
2019-01-08,1906.4000244140625,1883.300048828125,1905.4000244140625,1893.550048828125,1691756.0,1786.7890625
2019-01-09,1919.0,1866.699951171875,1907.4000244140625,1886.949951171875,2414376.0,1780.560791015625
2019-01-10,1905.0,1872.0999755859375,1890.0,1888.550048828125,3053461.0,1782.07080078125
2019-01-11,1875.0,1835.0,1870.0,1842.550048828125,9209862.0,1738.66455078125
2019-01-14,1851.0,1810.0,1850.0,1813.25,3615370.0,1711.0162353515625
2019-01-15,1869.3499755859375,1808.0,1810.0,1867.800048828125,7711653.0,1762.49072265625
2019-01-16,1875.0,1847.0,1870.0,1870.1500244140625,2359280.0,1764.7083740234375
2019-01-17,1898.0,1871.300048828125,1878.0,1894.300048828125,2625816.0,1791.327880859375
2019-01-18,1904.199951171875,1876.0,1881.0,1900.6500244140625,1683728.0,1797.3328857421875
2019-01-21,1932.0,1895.449951171875,1902.0,1908.699951171875,2409803.0,1804.9451904296875
2019-01-22,1918.25,1890.0,1907.0999755859375,1901.9000244140625,2457093.0,1798.5147705078125
2019-01-23,1906.0999755859375,1870.0,1901.0,1875.5999755859375,2578169.0,1773.64453125
2019-01-24,1905.25,1875.0,1884.800048828125,1901.550048828125,1962927.0,1798.18408203125
2019-01-25,1935.0,1901.0,1902.0,1920.800048828125,2327080.0,1816.387451171875
2019-01-28,1962.0,1925.5,1933.0,1955.0,2769033.0,1848.7283935546875
2019-01-29,1989.050048828125,1936.6500244140625,1962.0,1982.75,2557626.0,1874.9698486328125
2019-01-30,1989.5,1954.6500244140625,1979.5999755859375,1981.4000244140625,2429575.0,1873.6932373046875
2019-01-31,2019.75,1985.0,1987.0,2014.0999755859375,4094319.0,1904.61572265625
2019-02-01,2034.75,1998.0999755859375,2009.5,2029.949951171875,3064163.0,1919.604248046875
2019-02-04,2055.449951171875,2023.0,2029.949951171875,2050.25,1590764.0,1938.8006591796875
2019-02-05,2055.0,2028.0,2050.0,2044.550048828125,1111404.0,1933.41064453125
2019-02-06,2086.85009765625,2041.050048828125,2049.89990234375,2074.800048828125,1789812.0,1962.0162353515625
2019-02-07,2097.949951171875,2067.0,2074.75,2082.89990234375,1339945.0,1969.67578125
2019-02-08,2089.5,2051.0,2075.0,2061.39990234375,1684474.0,1949.344482421875
2019-02-11,2096.0,2048.89990234375,2060.0,2065.89990234375,1778730.0,1953.5999755859375
2019-02-12,2070.0,2018.0,2070.0,2051.60009765625,2422903.0,1940.0771484375
2019-02-14,2075.0,2033.050048828125,2060.050048828125,2044.5999755859375,1724085.0,1933.4578857421875
2019-02-15,2052.0,2010.949951171875,2049.0,2029.699951171875,1930065.0,1919.36767578125
2019-02-18,2041.949951171875,1962.6500244140625,2037.5999755859375,1970.300048828125,2942184.0,1863.1966552734375
2019-02-19,1971.0,1892.0,1970.0,1904.800048828125,4408554.0,1801.257080078125
2019-02-20,1933.800048828125,1881.300048828125,1915.0,1914.75,4645778.0,1810.6663818359375
2019-02-21,1940.0,1897.050048828125,1914.75,1914.199951171875,4683919.0,1810.1461181640625
2019-02-22,1930.0,1905.0999755859375,1917.199951171875,1925.6500244140625,2271955.0,1820.973876953125
2019-02-25,1990.0,1930.5,1932.5,1985.1500244140625,2934880.0,1877.2392578125
2019-02-26,2045.1500244140625,1972.25,1984.0,2038.699951171875,6453309.0,1927.87841796875
2019-02-27,2074.949951171875,2022.0,2040.0,2058.10009765625,4732082.0,1946.2239990234375
2019-02-28,2071.35009765625,1977.5999755859375,2060.0,1983.449951171875,8454295.0,1875.6319580078125
2019-03-01,2005.0,1980.3499755859375,1995.050048828125,1995.4000244140625,4148548.0,1886.932373046875
2019-03-05,2007.0,1976.5999755859375,2005.0,1988.0999755859375,2449622.0,1880.0291748046875
2019-03-06,2015.0,1985.050048828125,1989.300048828125,1999.5999755859375,2635047.0,1890.9039306640625
2019-03-07,2024.050048828125,2000.199951171875,2005.0,2013.300048828125,2539884.0,1903.8592529296875
2019-03-08,2033.0,2010.050048828125,2025.0,2022.699951171875,2031071.0,1912.7484130859375
2019-03-11,2033.0,2003.6500244140625,2028.9000244140625,2014.800048828125,3111689.0,1905.27783203125
2019-03-12,2024.800048828125,2003.0,2014.050048828125,2012.449951171875,2658550.0,1903.055419921875
2019-03-13,2015.9000244140625,1978.5999755859375,2013.0,2000.5,1833163.0,1891.7550048828125
2019-03-14,2007.800048828125,1981.0,2004.949951171875,1987.4000244140625,1905495.0,1879.3671875
2019-03-15,2068.949951171875,1991.0,1998.9000244140625,2039.949951171875,5184318.0,1929.060546875
2019-03-18,2064.60009765625,2011.0,2043.0,2022.800048828125,2349915.0,1912.8427734375
2019-03-19,2030.0,1995.0999755859375,2030.0,2022.800048828125,2373993.0,1912.8427734375
2019-03-20,2044.800048828125,2000.0,2028.0,2015.050048828125,3091165.0,1905.5140380859375
2019-03-22,2016.0,1983.300048828125,2015.0,2005.6500244140625,3148149.0,1896.625244140625
2019-03-25,2007.800048828125,1977.199951171875,2007.800048828125,1984.25,2429205.0,1876.38818359375
2019-03-26,1994.949951171875,1958.050048828125,1984.0,1982.6500244140625,2316539.0,1874.875244140625
2019-03-27,1998.0,1961.0,1994.0,1967.9000244140625,2266166.0,1860.9271240234375
2019-03-28,2014.5999755859375,1972.800048828125,1980.0,2000.300048828125,4054489.0,1891.5660400390625
2019-04-01,2039.949951171875,2008.25,2010.0,2031.6500244140625,2095740.0,1921.2117919921875
2019-04-02,2086.0,2037.0,2037.0999755859375,2079.300048828125,3719663.0,1966.2716064453125
2019-04-03,2089.60009765625,2058.10009765625,2085.0,2079.300048828125,2939886.0,1966.2716064453125
2019-04-04,2079.699951171875,2007.4000244140625,2078.14990234375,2014.5,4397518.0,1904.994140625
2019-04-05,2054.39990234375,2018.800048828125,2028.6500244140625,2048.300048828125,3152103.0,1936.95654296875
2019-04-08,2075.0,2032.699951171875,2059.0,2070.75,2194294.0,1958.1861572265625
2019-04-09,2098.0,2057.64990234375,2070.0,2091.5,2690970.0,1977.8084716796875
2019-04-10,2085.5,2036.0,2083.0,2040.25,3313062.0,1929.3443603515625
2019-04-11,2055.0,2013.6500244140625,2045.0,2019.5,3422442.0,1909.7220458984375
2019-04-12,2039.0,2007.0,2038.0,2014.5,3198471.0,1904.994140625
2019-04-15,2119.800048828125,2041.0,2070.0,2113.300048828125,9189201.0,1998.4234619140625
2019-04-16,2155.949951171875,2115.550048828125,2120.0,2131.800048828125,5771952.0,2015.91796875
2019-04-18,2155.0,2114.199951171875,2149.89990234375,2150.050048828125,3413728.0,2033.17529296875
2019-04-22,2176.0,2145.60009765625,2148.0,2161.449951171875,2007135.0,2043.9559326171875
2019-04-23,2165.5,2134.050048828125,2163.0,2155.050048828125,2163524.0,2037.90380859375
2019-04-24,2195.0,2156.10009765625,2158.0,2183.449951171875,3003071.0,2064.759765625
2019-04-25,2205.0,2168.050048828125,2175.0,2195.0,4211526.0,2075.68212890625
2019-04-26,2243.949951171875,2193.14990234375,2203.0,2238.550048828125,2716958.0,2116.864990234375
2019-04-30,2266.949951171875,2230.10009765625,2238.550048828125,2260.35009765625,3488395.0,2137.480224609375
2019-05-02,2259.39990234375,2211.10009765625,2255.0,2215.39990234375,2457699.0,2094.97314453125
2019-05-03,2186.050048828125,2125.0,2185.0,2132.0,3780886.0,2016.10693359375
2019-05-06,2165.0,2108.5,2110.0,2157.85009765625,2891422.0,2040.5516357421875
2019-05-07,2184.35009765625,2138.800048828125,2160.050048828125,2151.949951171875,2201698.0,2034.972412109375
2019-05-08,2168.0,2130.39990234375,2151.0,2152.85009765625,1824895.0,2035.823486328125
2019-05-09,2184.10009765625,2136.10009765625,2145.0,2172.550048828125,2264162.0,2054.45263671875
2019-05-10,2192.0,2125.85009765625,2175.0,2135.800048828125,2039633.0,2019.7003173828125
2019-05-13,2167.0,2121.64990234375,2133.0,2128.75,1701744.0,2013.0330810546875
2019-05-14,2159.800048828125,2072.35009765625,2135.0,2092.35009765625,2456110.0,1978.612060546875
2019-05-15,2124.0,2084.5,2097.0,2095.39990234375,2346876.0,1981.4962158203125
2019-05-16,2124.0,2077.050048828125,2096.0,2108.75,1946529.0,1994.12060546875
2019-05-17,2135.0,2090.0,2112.60009765625,2095.449951171875,1947908.0,1981.5435791015625
2019-05-20,2151.39990234375,2050.0,2125.0,2143.949951171875,2625116.0,2027.4072265625
2019-05-21,2148.699951171875,2102.550048828125,2148.050048828125,2109.75,1863157.0,1995.0657958984375
2019-05-22,2121.949951171875,2075.0,2110.0,2081.75,2595795.0,1968.58837890625
2019-05-23,2115.35009765625,2050.0,2098.0,2054.050048828125,2541294.0,1942.39404296875
2019-05-24,2070.0,2032.25,2070.0,2048.0,2274208.0,1936.673095703125
2019-05-27,2068.949951171875,2040.0999755859375,2054.800048828125,2055.14990234375,2329820.0,1943.4342041015625
2019-05-28,2097.5,2045.0,2060.0,2073.75,5872979.0,1961.0233154296875
2019-05-29,2123.699951171875,2077.10009765625,2080.0,2107.550048828125,3281320.0,1992.9859619140625
2019-05-30,2156.550048828125,2114.39990234375,2123.0,2146.300048828125,4971725.0,2029.629638671875
2019-05-31,2204.949951171875,2152.25,2160.0,2196.550048828125,4265370.0,2077.148193359375
2019-06-03,2247.64990234375,2185.64990234375,2201.0,2242.300048828125,3682419.0,2120.411376953125
2019-06-04,2224.0,2175.0,2224.0,2183.10009765625,2408658.0,2081.135498046875
2019-06-06,2199.0,2152.0,2199.0,2166.10009765625,3735467.0,2064.929443359375
2019-06-07,2189.800048828125,2142.10009765625,2174.0,2181.75,2659446.0,2079.848388671875
2019-06-10,2235.85009765625,2185.5,2196.699951171875,2231.5,2080593.0,2127.27490234375
2019-06-11,2263.949951171875,2231.0,2237.0,2252.800048828125,3048937.0,2147.580078125
2019-06-12,2266.89990234375,2219.0,2245.0,2260.89990234375,2404448.0,2155.301513671875
2019-06-13,2285.0,2243.050048828125,2264.0,2254.10009765625,3320916.0,2148.8193359375
2019-06-14,2263.10009765625,2234.0,2257.25,2254.5,2131408.0,2149.20068359375
2019-06-17,2262.0,2241.449951171875,2256.0,2249.199951171875,1489497.0,2144.1484375
2019-06-18,2260.0,2231.199951171875,2244.0,2250.85009765625,1877447.0,2145.720947265625
2019-06-19,2276.0,2243.14990234375,2255.0,2259.89990234375,1652817.0,2154.34814453125
2019-06-20,2284.0,2212.0,2230.0,2277.949951171875,2199377.0,2171.55517578125
2019-06-21,2292.5,2242.0,2285.0,2249.85009765625,3871804.0,2144.76806640625
2019-06-24,2280.0,2250.800048828125,2254.14990234375,2275.5,1382424.0,2169.219970703125
2019-06-25,2274.449951171875,2250.5,2270.0,2267.800048828125,1386077.0,2161.879150390625
2019-06-26,2266.800048828125,2250.0,2265.0,2254.199951171875,1762224.0,2148.9140625
2019-06-27,2264.0,2241.300048828125,2255.0,2252.550048828125,2813464.0,2147.34130859375
2019-06-28,2261.949951171875,2222.5,2260.0,2227.199951171875,2372928.0,2123.175537109375
2019-07-01,2255.0,2206.60009765625,2235.0,2239.550048828125,2769940.0,2134.948974609375
2019-07-02,2257.0,2216.449951171875,2244.89990234375,2252.10009765625,1771746.0,2146.91259765625
2019-07-03,2258.800048828125,2232.0,2252.199951171875,2237.64990234375,1656881.0,2133.137451171875
2019-07-04,2252.0,2230.10009765625,2234.0,2242.64990234375,984140.0,2137.904296875
2019-07-05,2250.0,2140.0,2247.0,2163.10009765625,4088470.0,2062.06982421875
2019-07-08,2188.800048828125,2132.10009765625,2149.0,2175.39990234375,2788062.0,2073.794677734375
2019-07-09,2174.39990234375,2104.550048828125,2174.0,2133.35009765625,3977224.0,2033.709228515625
2019-07-10,2127.85009765625,2071.300048828125,2080.0,2108.199951171875,6343581.0,2009.733642578125
2019-07-11,2129.0,2086.050048828125,2128.0,2102.550048828125,2400346.0,2004.34765625
2019-07-12,2119.75,2093.10009765625,2102.10009765625,2107.60009765625,1560725.0,2009.161865234375
2019-07-15,2153.60009765625,2098.0,2125.0,2145.699951171875,2900415.0,2045.4820556640625
2019-07-16,2132.5,2100.0,2126.0,2106.0,2735399.0,2012.3260498046875
2019-07-17,2125.0,2092.10009765625,2108.0,2117.25,1802969.0,2023.075439453125
2019-07-18,2116.199951171875,2060.0,2116.199951171875,2065.949951171875,3072096.0,1974.0572509765625
2019-07-19,2097.0,2062.5,2077.0,2076.949951171875,1953177.0,1984.567626953125
2019-07-22,2117.449951171875,2068.800048828125,2077.0,2109.89990234375,1920167.0,2016.0521240234375
2019-07-23,2130.0,2102.39990234375,2127.89990234375,2112.449951171875,3538588.0,2018.4886474609375
2019-07-24,2120.800048828125,2076.5,2110.0,2096.800048828125,2413196.0,2003.5352783203125
2019-07-25,2135.0,2092.550048828125,2108.89990234375,2127.89990234375,2544464.0,2033.2510986328125
2019-07-26,2129.800048828125,2095.0,2129.800048828125,2109.050048828125,1720592.0,2015.2403564453125
2019-07-29,2142.0,2103.300048828125,2110.800048828125,2130.0,1647090.0,2035.2584228515625
2019-07-30,2185.0,2120.449951171875,2130.0,2179.14990234375,2851672.0,2082.221923828125
2019-07-31,2211.699951171875,2147.14990234375,2171.75,2205.699951171875,3000677.0,2107.591064453125
2019-08-01,2217.5,2166.25,2200.0,2180.050048828125,2375236.0,2083.081787109375
2019-08-02,2210.0,2165.5,2173.0,2205.300048828125,2500816.0,2107.208984375
2019-08-05,2252.25,2195.60009765625,2199.89990234375,2248.60009765625,3039682.0,2148.583251953125
2019-08-06,2251.949951171875,2211.449951171875,2232.800048828125,2214.89990234375,2885467.0,2116.381591796875
2019-08-07,2238.5,2207.25,2230.0,2213.449951171875,2165362.0,2114.99658203125
2019-08-08,2281.0,2218.89990234375,2228.89990234375,2258.10009765625,2073298.0,2157.66015625
2019-08-09,2267.89990234375,2241.35009765625,2260.0,2246.25,1744550.0,2146.337646484375
2019-08-13,2246.25,2194.300048828125,2245.0,2199.449951171875,1647281.0,2101.618896484375
2019-08-14,2217.85009765625,2167.39990234375,2181.10009765625,2204.39990234375,1945002.0,2106.34912109375
2019-08-16,2241.39990234375,2143.25,2241.39990234375,2165.10009765625,3755507.0,2068.796875
2019-08-19,2186.0,2157.699951171875,2180.0,2163.0,974884.0,2066.790771484375
2019-08-20,2205.0,2166.5,2172.0,2186.75,1843611.0,2089.48388671875
2019-08-21,2202.0,2182.25,2184.949951171875,2186.199951171875,1214408.0,2088.958251953125
2019-08-22,2235.64990234375,2170.0,2187.0,2216.0,2131601.0,2117.43310546875
2019-08-23,2259.89990234375,2213.89990234375,2214.949951171875,2247.699951171875,2826425.0,2147.72265625
2019-08-26,2282.0,2225.0,2247.0,2276.300048828125,2345475.0,2175.051025390625
2019-08-27,2274.85009765625,2229.0,2270.0,2236.5,3432106.0,2137.021240234375
2019-08-28,2252.14990234375,2216.0,2240.0,2239.25,1294621.0,2139.648681640625
2019-08-29,2248.199951171875,2222.199951171875,2222.199951171875,2233.449951171875,1670652.0,2134.10693359375
2019-08-30,2266.0,2218.0,2241.0,2259.60009765625,2583625.0,2159.09375
2019-09-03,2296.199951171875,2236.949951171875,2270.0,2251.60009765625,2545060.0,2151.449462890625
2019-09-04,2270.0,2233.0,2265.0,2245.39990234375,2228092.0,2145.525390625
2019-09-05,2253.64990234375,2207.300048828125,2242.199951171875,2215.300048828125,2055943.0,2116.76416015625
2019-09-06,2233.5,2192.60009765625,2216.0,2197.5,1890550.0,2099.756103515625
2019-09-09,2202.85009765625,2179.800048828125,2200.0,2182.85009765625,1703945.0,2085.757568359375
2019-09-11,2195.0,2146.550048828125,2186.0,2154.0,2627440.0,2058.19091796875
2019-09-12,2165.0,2120.35009765625,2155.0,2133.60009765625,2118859.0,2038.6982421875
2019-09-13,2157.949951171875,2115.550048828125,2135.0,2141.949951171875,2291174.0,2046.676513671875
2019-09-16,2173.39990234375,2126.39990234375,2159.949951171875,2150.0,2597948.0,2054.368408203125
2019-09-17,2156.550048828125,2105.60009765625,2154.949951171875,2122.64990234375,2796530.0,2028.2352294921875
2019-09-18,2142.949951171875,2113.14990234375,2126.39990234375,2138.550048828125,1454663.0,2043.4278564453125
2019-09-19,2135.800048828125,2091.0,2135.0,2101.949951171875,1652691.0,2008.4559326171875
2019-09-20,2129.39990234375,2057.0,2104.89990234375,2065.449951171875,6941979.0,1973.579345703125
2019-09-23,2099.0,1975.0,2099.0,2015.800048828125,6323401.0,1926.137939453125
2019-09-24,2061.0,2013.0,2015.0,2044.699951171875,4620978.0,1953.7523193359375
2019-09-25,2092.0,2060.050048828125,2065.0,2088.449951171875,4002232.0,1995.55615234375
2019-09-26,2107.0,2063.0,2097.89990234375,2087.60009765625,4234281.0,1994.744384765625
2019-09-27,2085.199951171875,2051.39990234375,2085.0,2056.14990234375,2046795.0,1964.6929931640625
2019-09-30,2104.0,2060.0,2061.85009765625,2099.300048828125,2620039.0,2005.9237060546875
2019-10-01,2095.949951171875,2039.699951171875,2095.949951171875,2059.949951171875,3342877.0,1968.323974609375
2019-10-03,2081.14990234375,2046.1500244140625,2070.0,2060.25,2317618.0,1968.6104736328125
2019-10-04,2087.949951171875,2054.949951171875,2060.60009765625,2079.35009765625,2163251.0,1986.8612060546875
2019-10-07,2094.5,2041.0,2080.0,2047.699951171875,2177916.0,1956.618896484375
2019-10-09,2060.0,2015.5,2060.0,2020.0999755859375,2066920.0,1930.2464599609375
2019-10-10,2039.050048828125,1997.0999755859375,2028.0,2004.449951171875,2881452.0,1915.29248046875
2019-10-11,1995.0,1925.0,1931.0,1986.8499755859375,12593069.0,1898.475341796875
2019-10-14,2032.75,1968.0,1995.0,2021.0,3510704.0,1931.1065673828125
2019-10-15,2047.0,2022.699951171875,2032.0,2037.300048828125,2261310.0,1946.681640625
2019-10-16,2056.0,2016.0,2038.0,2046.4000244140625,3034082.0,1955.376708984375
2019-10-17,2038.0,1999.300048828125,2014.0,2030.949951171875,3818774.0,1979.3023681640625
2019-10-18,2063.89990234375,2025.0,2037.5,2057.35009765625,3087901.0,2005.031005859375
2019-10-22,2111.5,2040.050048828125,2080.0,2051.39990234375,5552505.0,1999.232177734375
2019-10-23,2083.85009765625,2052.5,2060.0,2070.10009765625,2348134.0,2017.4566650390625
2019-10-24,2099.0,2061.300048828125,2084.0,2082.0,2798671.0,2029.05419921875
2019-10-25,2130.0,2075.050048828125,2094.0,2124.949951171875,3954245.0,2070.911865234375
2019-10-29,2201.699951171875,2121.5,2121.5,2194.85009765625,5064173.0,2139.03466796875
2019-10-30,2260.0,2176.85009765625,2225.0,2252.800048828125,5195136.0,2195.5107421875
2019-10-31,2284.949951171875,2237.0,2250.0,2269.64990234375,4879261.0,2211.93212890625
2019-11-01,2275.0,2195.0,2264.0,2200.89990234375,4172620.0,2144.930419921875
2019-11-04,2229.199951171875,2180.89990234375,2207.0,2193.949951171875,2646411.0,2138.1572265625
2019-11-05,2211.0,2169.0,2197.0,2201.85009765625,2693475.0,2145.856201171875
2019-11-06,2210.800048828125,2179.0,2200.0,2188.5,2540719.0,2132.845703125
2019-11-07,2204.5,2175.199951171875,2204.5,2185.35009765625,1915598.0,2129.776123046875
2019-11-08,2189.60009765625,2124.0,2189.60009765625,2129.949951171875,2788759.0,2075.78466796875
2019-11-11,2139.0,2091.0,2135.0,2100.949951171875,2983768.0,2047.5224609375
2019-11-13,2183.800048828125,2118.0,2118.0,2178.60009765625,3823365.0,2123.197265625
2019-11-14,2200.0,2146.699951171875,2187.5,2196.800048828125,2995915.0,2140.93505859375
2019-11-15,2211.5,2168.75,2196.0,2174.449951171875,2724180.0,2119.153076171875
2019-11-18,2187.75,2148.75,2178.39990234375,2152.60009765625,1611089.0,2097.85888671875
2019-11-19,2154.64990234375,2105.0,2153.0,2108.800048828125,2975313.0,2055.172607421875
2019-11-20,2135.0,2094.5,2121.949951171875,2108.550048828125,2894129.0,2054.928955078125
2019-11-21,2126.60009765625,2107.39990234375,2112.0,2118.10009765625,2052574.0,2064.236083984375
2019-11-22,2107.0,2060.5,2097.0,2071.699951171875,3742049.0,2019.0159912109375
2019-11-25,2084.949951171875,2052.199951171875,2074.550048828125,2081.5,2737010.0,2028.56689453125
2019-11-26,2097.89990234375,2035.050048828125,2089.85009765625,2046.6500244140625,6561580.0,1994.6031494140625
2019-11-27,2071.699951171875,2046.550048828125,2052.0,2054.300048828125,2907521.0,2002.0587158203125
2019-11-28,2094.39990234375,2060.0,2067.050048828125,2077.35009765625,2924429.0,2024.5223388671875
2019-11-29,2085.0,2045.800048828125,2085.0,2053.25,2064271.0,2001.035400390625
2019-12-02,2067.699951171875,2016.0,2060.0,2021.050048828125,3809860.0,1969.6541748046875
2019-12-03,2062.0,2010.0,2027.699951171875,2051.0,4664774.0,1998.842529296875
2019-12-04,2082.0,2045.5,2053.0,2078.5,3334301.0,2025.642822265625
2019-12-05,2126.800048828125,2068.35009765625,2083.0,2121.300048828125,3902721.0,2067.35498046875
2019-12-06,2128.0,2101.0,2124.0,2123.60009765625,1829461.0,2069.59619140625
2019-12-09,2127.949951171875,2053.5,2127.949951171875,2060.449951171875,2244747.0,2008.0521240234375
2019-12-10,2060.85009765625,2003.25,2060.0,2012.8499755859375,4520045.0,1961.6627197265625
2019-12-11,2048.0,2006.75,2025.4000244140625,2041.9000244140625,4943024.0,1989.973876953125
2019-12-12,2083.64990234375,1984.0,2051.10009765625,2020.9000244140625,7137306.0,1969.508056640625
2019-12-13,2077.39990234375,2007.0,2023.0,2071.25,5711133.0,2018.5775146484375
2019-12-16,2136.0,2080.300048828125,2096.0,2126.75,5574177.0,2072.666015625
2019-12-17,2169.0,2119.0,2126.5,2164.949951171875,6059673.0,2109.894775390625
2019-12-18,2203.449951171875,2153.0,2174.0,2167.75,8251081.0,2112.623291015625
2019-12-19,2236.5,2167.550048828125,2179.800048828125,2229.050048828125,6251505.0,2172.364990234375
2019-12-20,2246.699951171875,2208.25,2220.0,2222.89990234375,5548338.0,2166.37060546875
2019-12-23,2241.949951171875,2210.0,2210.0,2231.699951171875,2247329.0,2174.947265625
2019-12-24,2243.550048828125,2211.14990234375,2239.0,2215.60009765625,1805896.0,2159.2568359375
2019-12-26,2229.0,2195.199951171875,2216.39990234375,2201.949951171875,1880367.0,2145.95361328125
2019-12-27,2226.39990234375,2176.0,2208.0,2198.5,2720261.0,2142.591552734375
2019-12-30,2225.0,2177.10009765625,2207.0,2183.199951171875,2288830.0,2127.6806640625
2019-12-31,2197.0,2157.449951171875,2189.0,2161.699951171875,1909289.0,2106.72705078125
2020-01-01,2183.89990234375,2154.0,2168.0,2167.60009765625,1354908.0,2112.477783203125
2020-01-02,2179.949951171875,2149.199951171875,2179.949951171875,2157.64990234375,2380752.0,2102.7802734375
2020-01-03,2223.0,2164.0,2164.0,2200.64990234375,4655761.0,2144.686767578125
2020-01-06,2225.949951171875,2187.89990234375,2205.0,2200.449951171875,3023209.0,2144.4921875
2020-01-07,2214.64990234375,2183.800048828125,2200.5,2205.85009765625,2429317.0,2149.754638671875
2020-01-08,2260.0,2202.050048828125,2205.0,2255.25,5197454.0,2197.898193359375
2020-01-09,2251.949951171875,2210.0,2248.75,2214.35009765625,3734173.0,2158.03857421875
2020-01-10,2234.0,2208.0,2228.0,2213.550048828125,1915807.0,2157.259033203125
2020-01-13,2218.949951171875,2184.699951171875,2217.85009765625,2190.35009765625,2843893.0,2134.648681640625
2020-01-14,2229.800048828125,2195.0,2195.0,2206.89990234375,2948452.0,2150.777587890625
2020-01-15,2231.0,2194.199951171875,2213.0,2226.89990234375,2620681.0,2170.26953125
2020-01-16,2249.0,2215.0,2226.949951171875,2238.800048828125,3117214.0,2181.86669921875
2020-01-17,2253.550048828125,2213.0,2240.75,2219.10009765625,3281059.0,2162.667724609375
2020-01-20,2242.199951171875,2156.199951171875,2194.89990234375,2170.35009765625,5817599.0,2115.157470703125
2020-01-21,2186.550048828125,2158.050048828125,2169.949951171875,2171.050048828125,1902980.0,2115.839599609375
2020-01-22,2210.0,2173.699951171875,2181.0,2206.89990234375,1773686.0,2150.777587890625
2020-01-23,2217.75,2183.699951171875,2209.800048828125,2190.949951171875,2069866.0,2140.08203125
2020-01-24,2190.949951171875,2170.0,2190.949951171875,2183.39990234375,1319430.0,2132.70751953125
2020-01-27,2193.449951171875,2165.0,2189.699951171875,2169.25,1549101.0,2118.885986328125
2020-01-28,2187.800048828125,2152.0,2174.0,2183.75,1743024.0,2133.049072265625
2020-01-29,2186.949951171875,2150.0,2185.0,2154.60009765625,2306761.0,2104.576171875
2020-01-30,2165.0,2125.0,2160.0,2137.85009765625,2098567.0,2088.215087890625
2020-01-31,2144.35009765625,2071.60009765625,2139.39990234375,2079.050048828125,3287223.0,2030.780029296875
2020-02-03,2194.699951171875,2093.199951171875,2152.0,2102.5,4728073.0,2053.685791015625
2020-02-04,2136.699951171875,2086.60009765625,2129.0,2107.75,3509339.0,2058.813720703125
2020-02-05,2156.699951171875,2104.300048828125,2115.0,2146.550048828125,2439322.0,2096.71337890625
2020-02-06,2174.199951171875,2115.5,2145.0,2128.35009765625,2640065.0,2078.935302734375
2020-02-07,2151.0,2119.0,2139.0,2136.550048828125,2083442.0,2086.9453125
2020-02-10,2167.0,2119.0,2140.89990234375,2161.949951171875,2383032.0,2111.75537109375
2020-02-11,2174.800048828125,2147.60009765625,2163.0,2153.39990234375,1335820.0,2103.404052734375
2020-02-12,2185.0,2150.0,2151.10009765625,2170.75,1620407.0,2120.35107421875
2020-02-13,2197.0,2171.0,2172.949951171875,2191.949951171875,1645948.0,2141.05859375
2020-02-14,2212.0,2171.0,2188.0,2184.199951171875,1500115.0,2133.48876953125
2020-02-17,2217.0,2190.199951171875,2196.949951171875,2203.25,1774724.0,2152.096923828125
2020-02-18,2221.0,2186.050048828125,2199.949951171875,2215.75,2486223.0,2164.306640625
2020-02-19,2230.0,2190.5,2215.75,2196.35009765625,1760463.0,2145.356689453125
2020-02-20,2214.39990234375,2151.25,2204.5,2156.800048828125,2317278.0,2106.724853515625
2020-02-24,2178.949951171875,2106.699951171875,2156.0,2115.35009765625,3092877.0,2066.237548828125
2020-02-25,2176.64990234375,2111.0,2115.5,2156.14990234375,2674567.0,2106.08984375
2020-02-26,2163.89990234375,2112.949951171875,2154.0,2123.60009765625,2686842.0,2074.295654296875
2020-02-27,2119.949951171875,2086.199951171875,2119.949951171875,2105.5,2349001.0,2056.615966796875
2020-02-28,2069.5,1990.0,2068.0,2000.1500244140625,4298076.0,1953.7119140625
2020-03-02,2053.949951171875,1985.699951171875,2035.0,2001.300048828125,2667076.0,1954.8353271484375
2020-03-03,2060.0,2012.0,2020.0,2036.199951171875,2757585.0,1988.9251708984375
2020-03-04,2094.449951171875,2025.0,2056.0,2083.199951171875,3237002.0,2034.833740234375
2020-03-05,2147.75,2084.050048828125,2085.699951171875,2125.050048828125,3937056.0,2075.712158203125
2020-03-06,2123.64990234375,2071.60009765625,2098.0,2116.449951171875,2595027.0,2067.311767578125
2020-03-09,2079.89990234375,1935.0,2075.0,1972.3499755859375,4940975.0,1926.5574951171875
2020-03-11,1987.300048828125,1920.0,1933.0,1953.699951171875,6796449.0,1908.34033203125
2020-03-12,1908.4000244140625,1758.3499755859375,1904.0,1769.8499755859375,8728786.0,1728.7589111328125
2020-03-13,1820.0,1506.050048828125,1687.9000244140625,1806.300048828125,8029720.0,1764.36279296875
2020-03-16,1842.25,1675.8499755859375,1755.0,1696.4000244140625,7844271.0,1657.0142822265625
2020-03-17,1731.0,1623.1500244140625,1730.0,1658.0,5713248.0,1619.505859375
2020-03-18,1713.550048828125,1627.75,1676.800048828125,1654.4000244140625,7258778.0,1615.9893798828125
2020-03-19,1685.449951171875,1546.75,1559.699951171875,1636.3499755859375,5135111.0,1610.03662109375
2020-03-20,1869.0,1627.0,1630.0,1797.449951171875,8547498.0,1768.546142578125
2020-03-23,1750.0,1617.75,1620.0,1669.699951171875,7003490.0,1642.850341796875
2020-03-24,1770.0,1632.8499755859375,1653.050048828125,1703.1500244140625,6350865.0,1675.762451171875
2020-03-25,1810.0,1680.0,1700.0,1750.300048828125,2765520.0,1722.1544189453125
2020-03-26,1832.050048828125,1722.550048828125,1831.5999755859375,1790.949951171875,4556067.0,1762.1505126953125
2020-03-27,1850.0,1750.4000244140625,1820.0,1824.5,4331250.0,1795.1610107421875
2020-03-30,1905.0,1763.550048828125,1766.0,1778.5,8513547.0,1749.90087890625
2020-03-31,1855.0,1780.0,1837.4000244140625,1826.0999755859375,3927593.0,1796.7353515625
2020-04-01,1834.75,1702.0,1825.9000244140625,1708.75,4941878.0,1681.2724609375
2020-04-03,1740.0,1650.0,1740.0,1654.199951171875,5735369.0,1627.599609375
2020-04-07,1785.8499755859375,1705.0,1710.0,1775.199951171875,5427577.0,1746.65380859375
2020-04-08,1806.0,1701.0,1760.0,1705.449951171875,6285615.0,1678.025390625
2020-04-09,1778.800048828125,1731.199951171875,1750.449951171875,1766.1500244140625,5307397.0,1737.7493896484375
2020-04-13,1787.0,1746.0,1761.0,1759.25,2990438.0,1730.9603271484375
2020-04-15,1812.0,1727.800048828125,1785.0,1735.1500244140625,4761399.0,1707.2479248046875
2020-04-16,1764.9000244140625,1675.050048828125,1709.949951171875,1716.050048828125,6245533.0,1688.455078125
2020-04-17,1851.949951171875,1753.0,1800.0,1806.199951171875,9895823.0,1777.1553955078125
2020-04-20,1830.0,1802.5,1830.0,1818.6500244140625,3244282.0,1789.4052734375
2020-04-21,1794.5999755859375,1727.699951171875,1765.0,1737.6500244140625,5122541.0,1709.707763671875
2020-04-22,1790.0,1719.1500244140625,1737.6500244140625,1769.5,3829836.0,1741.0455322265625
2020-04-23,1900.0,1760.8499755859375,1780.0,1878.25,5934366.0,1848.046630859375
2020-04-24,1851.949951171875,1807.800048828125,1840.699951171875,1818.550048828125,2987102.0,1789.306884765625
2020-04-27,1875.0,1825.0,1832.300048828125,1836.5999755859375,3374741.0,1807.0665283203125
2020-04-28,1868.0,1832.5999755859375,1865.0,1859.050048828125,2678505.0,1829.1556396484375
2020-04-29,1912.550048828125,1850.050048828125,1874.0,1905.6500244140625,4241510.0,1875.006103515625
2020-04-30,2032.0,1942.199951171875,1980.0,2014.449951171875,5915544.0,1982.056640625
2020-05-04,1966.0,1913.6500244140625,1966.0,1930.449951171875,3729348.0,1899.4073486328125
2020-05-05,1977.0,1927.0,1955.0999755859375,1932.75,2905528.0,1901.6705322265625
2020-05-06,1953.699951171875,1893.5999755859375,1939.800048828125,1903.5999755859375,3517431.0,1872.9891357421875
2020-05-07,1934.449951171875,1883.3499755859375,1910.0,1891.6500244140625,3166754.0,1861.2314453125
2020-05-08,1939.5,1886.25,1939.0999755859375,1893.4000244140625,2686530.0,1862.953125
2020-05-11,1951.4000244140625,1909.0,1909.0,1935.300048828125,2449841.0,1904.1795654296875
2020-05-12,1956.5,1910.25,1933.4000244140625,1949.5,3256595.0,1918.151123046875
2020-05-13,1994.0,1925.6500244140625,1994.0,1949.6500244140625,2656665.0,1918.2987060546875
2020-05-14,1923.0999755859375,1891.0999755859375,1910.0,1902.3499755859375,2263146.0,1871.75927734375
2020-05-15,1917.4000244140625,1865.199951171875,1916.0,1892.9000244140625,3173682.0,1862.4613037109375
2020-05-18,1952.949951171875,1872.0999755859375,1907.0,1945.5999755859375,3727694.0,1914.313720703125
2020-05-19,1966.449951171875,1903.0,1903.0,1948.6500244140625,3198693.0,1917.3148193359375
2020-05-20,1962.9000244140625,1931.699951171875,1950.0,1953.5999755859375,2778505.0,1922.1851806640625
2020-05-21,1998.0,1941.1500244140625,1946.0,1991.199951171875,3400908.0,1959.1805419921875
2020-05-22,2032.0,1961.25,1977.0999755859375,2020.3499755859375,3663418.0,1987.86181640625
2020-05-26,2024.0,1925.0,2015.0,1943.0,4575317.0,1911.755615234375
2020-05-27,2010.0,1941.25,1959.0,2005.300048828125,3482160.0,1973.0538330078125
2020-05-28,2014.0,1971.300048828125,1988.5,2004.300048828125,3475681.0,1972.0699462890625
2020-05-29,2002.6500244140625,1962.4000244140625,1982.0,1972.3499755859375,7237735.0,1940.633544921875
2020-06-01,2060.0,1981.0999755859375,1990.0,2045.25,3747773.0,2012.3614501953125
2020-06-02,2081.0,2040.050048828125,2060.199951171875,2047.1500244140625,2443886.0,2014.23095703125
2020-06-03,2063.75,2020.0,2051.85009765625,2046.1500244140625,3699799.0,2019.164794921875
2020-06-04,2100.0,2046.75,2046.75,2091.550048828125,4048593.0,2063.966064453125
2020-06-05,2098.0,2040.300048828125,2091.60009765625,2048.25,3573289.0,2021.237060546875
2020-06-08,2095.0,2062.10009765625,2078.25,2071.75,2957841.0,2044.42724609375
2020-06-09,2095.5,2060.25,2063.10009765625,2072.050048828125,2909439.0,2044.72314453125
2020-06-10,2132.0,2073.5,2077.050048828125,2108.75,5168397.0,2080.93896484375
2020-06-11,2105.0,2061.800048828125,2100.0,2067.64990234375,2269513.0,2040.3809814453125
2020-06-12,2049.199951171875,2011.0,2011.199951171875,2039.5,2842642.0,2012.6026611328125
2020-06-15,2059.0,2000.949951171875,2039.0999755859375,2029.9000244140625,2399022.0,2003.129150390625
2020-06-16,2073.949951171875,2031.0,2065.0,2045.800048828125,2146528.0,2018.819580078125
2020-06-17,2058.85009765625,2026.550048828125,2046.0,2047.800048828125,2703527.0,2020.7930908203125
2020-06-18,2059.199951171875,2025.199951171875,2045.0,2038.0999755859375,1944389.0,2011.220947265625
2020-06-19,2090.0,2032.0,2042.0,2044.5999755859375,5681758.0,2017.6353759765625
2020-06-22,2052.25,2019.1500244140625,2050.0,2027.949951171875,3196138.0,2001.2049560546875
2020-06-23,2044.0,2010.0,2027.0,2035.300048828125,4205944.0,2008.4578857421875
2020-06-24,2064.25,2031.5999755859375,2034.0,2042.199951171875,2560937.0,2015.266845703125
2020-06-25,2060.0,2009.25,2035.0,2016.0999755859375,3043931.0,1989.5111083984375
2020-06-26,2132.0,2019.949951171875,2025.0,2118.85009765625,6300722.0,2090.906005859375
2020-06-29,2127.60009765625,2091.300048828125,2108.0,2101.64990234375,3076341.0,2073.932861328125
2020-06-30,2111.89990234375,2075.050048828125,2100.0,2082.14990234375,3071725.0,2054.68994140625
2020-07-01,2113.949951171875,2079.5,2079.699951171875,2092.050048828125,2503466.0,2064.45947265625
2020-07-02,2165.0,2098.0,2102.0,2157.14990234375,3758699.0,2128.70068359375
2020-07-03,2205.0,2160.25,2163.64990234375,2199.64990234375,4185208.0,2170.64013671875
2020-07-06,2269.89990234375,2205.0,2205.0,2263.199951171875,5190366.0,2233.352294921875
2020-07-07,2302.699951171875,2232.14990234375,2275.0,2269.89990234375,5630055.0,2239.9638671875
2020-07-08,2274.39990234375,2207.60009765625,2270.0,2218.89990234375,2793358.0,2189.63623046875
2020-07-09,2244.5,2191.050048828125,2229.0,2204.35009765625,3443998.0,2175.278564453125
2020-07-10,2249.85009765625,2176.0,2205.25,2222.35009765625,9610320.0,2193.041259765625
2020-07-13,2244.949951171875,2210.0,2220.0,2220.0,2963503.0,2190.721923828125
2020-07-14,2239.0,2165.0,2210.0,2171.949951171875,2976738.0,2143.3056640625
2020-07-15,2260.0,2181.10009765625,2185.0,2233.89990234375,5569321.0,2204.438720703125
2020-07-16,2333.0,2220.10009765625,2244.0,2234.75,8582118.0,2210.224609375
2020-07-17,2243.89990234375,2190.050048828125,2237.0,2200.75,4509135.0,2176.59765625
2020-07-20,2226.89990234375,2190.800048828125,2201.0,2207.89990234375,2952646.0,2183.6689453125
2020-07-21,2238.64990234375,2201.14990234375,2230.0,2225.050048828125,2665286.0,2200.630859375
2020-07-22,2231.0,2184.199951171875,2231.0,2190.949951171875,2861534.0,2166.905029296875
2020-07-23,2190.949951171875,2163.0,2190.949951171875,2171.199951171875,2265766.0,2147.371826171875
2020-07-24,2163.0,2125.10009765625,2154.5,2157.39990234375,3665100.0,2133.723388671875
2020-07-27,2215.0,2163.5,2165.0,2206.800048828125,4248480.0,2182.5810546875
2020-07-28,2320.0,2215.0,2215.0,2309.75,8092319.0,2284.4013671875
2020-07-29,2342.0,2246.050048828125,2292.0,2276.050048828125,6090431.0,2251.0712890625
2020-07-30,2358.0,2272.25,2285.89990234375,2279.5,7098496.0,2254.4833984375
2020-07-31,2334.800048828125,2257.449951171875,2303.14990234375,2281.39990234375,4723290.0,2256.362548828125
2020-08-03,2303.85009765625,2230.699951171875,2290.449951171875,2254.14990234375,4012337.0,2229.41162109375
2020-08-04,2269.64990234375,2225.050048828125,2259.949951171875,2249.699951171875,2927928.0,2225.01025390625
2020-08-05,2300.0,2253.0,2260.0,2259.5,3800641.0,2234.702880859375
2020-08-06,2319.5,2265.35009765625,2275.0,2308.10009765625,4748047.0,2282.769775390625
2020-08-07,2328.0,2287.0,2308.0,2295.35009765625,3165491.0,2270.15966796875
2020-08-10,2325.0,2276.050048828125,2318.0,2282.800048828125,2929353.0,2257.747314453125
2020-08-11,2312.0,2275.60009765625,2283.0,2279.89990234375,2774423.0,2254.87890625
2020-08-12,2296.39990234375,2246.550048828125,2288.35009765625,2257.35009765625,3415751.0,2232.576416015625
2020-08-13,2300.0,2250.5,2273.0,2254.449951171875,2695682.0,2229.7080078125
2020-08-14,2281.300048828125,2233.10009765625,2277.0,2242.14990234375,2270405.0,2217.54296875
2020-08-17,2270.0,2238.25,2263.0,2253.39990234375,2625630.0,2228.669677734375
2020-08-18,2289.0,2248.300048828125,2262.800048828125,2269.75,3493374.0,2244.84033203125
2020-08-19,2284.60009765625,2252.5,2276.35009765625,2256.60009765625,2843005.0,2231.834716796875
2020-08-20,2276.550048828125,2240.050048828125,2257.0,2252.85009765625,2895164.0,2228.1259765625
2020-08-21,2271.0,2241.050048828125,2260.0,2248.60009765625,1975294.0,2223.922607421875
2020-08-24,2259.949951171875,2230.0,2250.60009765625,2248.10009765625,2167966.0,2223.427978515625
2020-08-25,2250.0,2233.550048828125,2245.0,2242.64990234375,1663419.0,2218.037841796875
2020-08-26,2259.89990234375,2216.449951171875,2242.0,2253.5,2618149.0,2228.768798828125
2020-08-27,2287.35009765625,2241.75,2266.0,2248.39990234375,3579393.0,2223.724609375
2020-08-28,2279.949951171875,2235.10009765625,2268.39990234375,2238.550048828125,2941136.0,2213.982666015625
2020-08-31,2276.199951171875,2228.0,2240.0,2257.25,6018154.0,2232.4775390625
2020-09-01,2278.0,2241.300048828125,2269.0,2246.35009765625,3610908.0,2221.697265625
2020-09-02,2268.75,2241.64990234375,2247.0,2265.14990234375,2084137.0,2240.290771484375
2020-09-03,2324.0,2268.0,2268.0,2299.5,4654146.0,2274.263671875
2020-09-04,2324.25,2262.949951171875,2275.0,2288.800048828125,5231303.0,2263.68115234375
2020-09-07,2343.5,2283.35009765625,2289.0,2327.050048828125,4620401.0,2301.511474609375
2020-09-08,2390.449951171875,2327.050048828125,2335.949951171875,2348.199951171875,7453998.0,2322.42919921875
2020-09-09,2359.0,2320.0,2325.0,2327.64990234375,3866535.0,2302.10498046875
2020-09-10,2348.5,2324.300048828125,2335.0,2331.14990234375,2308813.0,2305.56640625
2020-09-11,2383.0,2330.14990234375,2330.949951171875,2374.10009765625,4145424.0,2348.04541015625
2020-09-14,2505.75,2381.85009765625,2384.10009765625,2491.39990234375,7512131.0,2464.057861328125
2020-09-15,2538.0,2464.60009765625,2491.39990234375,2491.39990234375,7318770.0,2464.057861328125
2020-09-16,2507.60009765625,2477.300048828125,2488.949951171875,2503.0,3074003.0,2475.530517578125
2020-09-17,2495.75,2450.60009765625,2480.0,2460.949951171875,4828176.0,2433.942138671875
2020-09-18,2500.39990234375,2436.39990234375,2485.0,2449.89990234375,4183256.0,2423.01318359375
2020-09-21,2504.89990234375,2452.14990234375,2465.0,2465.300048828125,4598809.0,2438.244384765625
2020-09-22,2555.0,2458.0,2485.0,2522.949951171875,7499613.0,2495.26171875
2020-09-23,2519.85009765625,2409.0,2510.0,2467.449951171875,7502280.0,2440.370361328125
2020-09-24,2450.0,2302.60009765625,2450.0,2332.25,8424708.0,2306.654541015625
2020-09-25,2440.0,2352.10009765625,2368.0,2422.300048828125,8228267.0,2395.71630859375
2020-09-28,2444.0,2366.0,2440.0,2426.300048828125,4347166.0,2399.67236328125
2020-09-29,2511.050048828125,2426.300048828125,2434.85009765625,2488.39990234375,6995811.0,2461.0908203125
2020-09-30,2505.0,2460.0,2489.0,2492.300048828125,3917166.0,2464.947998046875
2020-10-01,2540.0,2492.300048828125,2510.0,2523.449951171875,2610337.0,2495.756103515625
2020-10-05,2728.10009765625,2603.050048828125,2620.0,2705.800048828125,17412105.0,2676.10498046875
2020-10-06,2736.0,2650.10009765625,2736.0,2714.300048828125,9846367.0,2684.51171875
2020-10-07,2770.0,2703.0,2742.0,2735.949951171875,9656101.0,2705.924072265625
2020-10-08,2885.0,2800.0,2800.0,2825.699951171875,19839329.0,2794.689208984375
2020-10-09,2829.85009765625,2780.0,2810.0,2812.949951171875,7739245.0,2782.078857421875
2020-10-12,2854.0,2800.75,2815.5,2830.0,4623203.0,2798.94189453125
2020-10-13,2854.89990234375,2812.199951171875,2845.0,2826.550048828125,4209878.0,2795.52978515625
2020-10-14,2842.0,2787.550048828125,2842.0,2809.60009765625,4395936.0,2790.61328125
2020-10-15,2827.75,2727.0,2811.0,2740.60009765625,6629355.0,2722.07958984375
2020-10-16,2771.64990234375,2731.300048828125,2750.10009765625,2763.300048828125,5273773.0,2744.626220703125
2020-10-19,2774.0,2706.60009765625,2774.0,2711.550048828125,3331194.0,2693.2255859375
2020-10-20,2759.89990234375,2717.949951171875,2725.0,2739.0,3406273.0,2720.490234375
2020-10-21,2749.0,2663.050048828125,2739.0,2675.39990234375,4570143.0,2657.31982421875
2020-10-22,2686.64990234375,2638.10009765625,2661.0,2671.14990234375,5262294.0,2653.0986328125
2020-10-23,2702.0,2670.10009765625,2687.800048828125,2686.800048828125,3499091.0,2668.64306640625
2020-10-26,2709.949951171875,2670.5,2689.949951171875,2688.199951171875,2672752.0,2670.033447265625
2020-10-27,2718.14990234375,2624.10009765625,2699.75,2630.14990234375,3537502.0,2612.375732421875
2020-10-28,2655.949951171875,2606.0,2650.0,2622.199951171875,3569445.0,2604.4794921875
2020-10-29,2655.0,2600.25,2608.0,2632.64990234375,3105968.0,2614.85888671875
2020-10-30,2674.35009765625,2621.60009765625,2636.10009765625,2664.85009765625,3427003.0,2646.841552734375
2020-11-02,2664.85009765625,2600.050048828125,2660.0,2604.60009765625,2571196.0,2586.99853515625
2020-11-03,2665.0,2601.050048828125,2604.0,2633.60009765625,2879269.0,2615.802734375
2020-11-04,2721.85009765625,2610.0,2610.0,2653.14990234375,4893928.0,2635.220458984375
2020-11-05,2710.0,2667.0,2685.0,2685.699951171875,2816502.0,2667.550537109375
2020-11-06,2713.25,2681.300048828125,2699.0,2707.449951171875,3884421.0,2689.1533203125
2020-11-09,2744.0,2695.10009765625,2731.10009765625,2726.60009765625,3646592.0,2708.174072265625
2020-11-10,2713.14990234375,2638.35009765625,2697.199951171875,2649.60009765625,4760020.0,2631.694580078125
2020-11-11,2692.800048828125,2643.39990234375,2667.949951171875,2687.800048828125,3242441.0,2669.63623046875
2020-11-12,2713.0,2661.75,2686.0,2671.050048828125,2437505.0,2652.99951171875
2020-11-13,2664.89990234375,2636.0,2655.75,2656.85009765625,2548093.0,2638.8955078125
2020-11-17,2695.0,2650.050048828125,2695.0,2666.050048828125,2827273.0,2648.033447265625
2020-11-18,2664.199951171875,2607.050048828125,2661.0,2626.64990234375,2893762.0,2608.8994140625
2020-11-19,2676.14990234375,2630.85009765625,2637.0,2636.89990234375,4167501.0,2619.080078125
2020-11-20,2676.0,2627.550048828125,2655.0,2660.25,2711471.0,2642.2724609375
2020-11-23,2730.0,2665.0,2690.0,2724.25,3706418.0,2705.83984375
2020-11-24,2743.0,2705.0,2734.39990234375,2722.050048828125,3120516.0,2703.65478515625
2020-11-25,2732.949951171875,2688.199951171875,2729.0,2701.300048828125,3302249.0,2683.045166015625
2020-11-26,2730.949951171875,2680.0,2686.0,2720.60009765625,2341099.0,2702.214599609375
2020-11-27,2717.699951171875,2669.050048828125,2705.0,2679.64990234375,6086808.0,2661.541259765625
2020-12-01,2735.89990234375,2624.449951171875,2679.0,2726.800048828125,3605017.0,2708.37255859375
2020-12-02,2754.699951171875,2702.449951171875,2719.0,2749.550048828125,2509032.0,2730.968994140625
2020-12-03,2773.89990234375,2700.800048828125,2773.89990234375,2709.449951171875,2852548.0,2691.139892578125
2020-12-04,2738.85009765625,2699.0,2710.800048828125,2727.550048828125,2686527.0,2709.11767578125
2020-12-07,2744.0,2706.14990234375,2715.0,2737.699951171875,1996400.0,2719.198974609375
2020-12-08,2805.550048828125,2732.449951171875,2740.0,2797.300048828125,4277818.0,2778.396484375
2020-12-09,2840.0,2793.14990234375,2815.0,2810.800048828125,3659996.0,2791.80517578125
2020-12-10,2827.300048828125,2780.25,2818.0,2784.300048828125,2127801.0,2765.484130859375
2020-12-11,2807.699951171875,2764.550048828125,2792.699951171875,2783.60009765625,1795408.0,2764.7890625
2020-12-14,2804.0,2756.25,2802.0,2797.699951171875,2483658.0,2778.79345703125
2020-12-15,2794.699951171875,2755.0,2786.0,2761.550048828125,2365509.0,2742.887939453125
2020-12-16,2819.800048828125,2760.449951171875,2779.0,2814.199951171875,2565149.0,2795.18212890625
2020-12-17,2853.699951171875,2805.0,2811.0,2838.199951171875,2863460.0,2819.019775390625
2020-12-18,2898.0,2846.199951171875,2868.0,2861.0,6076692.0,2841.665771484375
2020-12-21,2886.5,2785.0,2861.0,2820.14990234375,2705195.0,2801.091796875
2020-12-22,2883.64990234375,2818.64990234375,2834.0,2872.5,2881737.0,2853.087890625
2020-12-23,2919.0,2865.449951171875,2876.050048828125,2908.75,2790988.0,2889.09326171875
2020-12-24,2921.35009765625,2883.199951171875,2909.0,2909.35009765625,1807144.0,2889.689208984375
2020-12-28,2949.699951171875,2902.0,2910.0,2929.39990234375,2108994.0,2909.603515625
2020-12-29,2952.0,2920.0,2920.0,2930.5,1994151.0,2910.696044921875
2020-12-30,2947.699951171875,2902.0,2934.39990234375,2909.300048828125,2637968.0,2889.639404296875
2020-12-31,2905.0,2845.0,2900.0,2862.75,4040956.0,2843.404052734375
2021-01-01,2940.0,2879.0,2880.0,2928.25,2681440.0,2908.46142578125
2021-01-04,3050.75,2940.949951171875,2950.0,3039.449951171875,5113293.0,3018.909912109375
2021-01-05,3114.25,3039.60009765625,3039.60009765625,3093.0,5801309.0,3072.097900390625
2021-01-06,3113.5,3037.199951171875,3100.0,3051.5,3726716.0,3030.87841796875
2021-01-07,3080.85009765625,3000.25,3075.0,3032.800048828125,3717827.0,3012.3046875
2021-01-08,3128.0,3060.0,3090.0,3120.89990234375,5879039.0,3099.809326171875
2021-01-11,3230.0,3146.550048828125,3230.0,3176.449951171875,9508039.0,3154.98388671875
2021-01-12,3210.0,3150.0,3176.449951171875,3174.85009765625,3611458.0,3153.39501953125
2021-01-13,3177.0,3126.25,3175.0,3158.949951171875,3572801.0,3137.602294921875
2021-01-14,3266.5,3120.39990234375,3155.0,3250.699951171875,6931542.0,3234.87646484375
2021-01-15,3274.0,3210.0,3235.0,3233.35009765625,4131692.0,3217.611083984375
2021-01-18,3256.75,3187.39990234375,3250.0,3221.75,4160906.0,3206.0673828125
2021-01-19,3279.0,3232.0,3233.0,3260.699951171875,2975735.0,3244.82763671875
2021-01-20,3327.949951171875,3267.10009765625,3270.0,3308.800048828125,3453446.0,3292.693603515625
2021-01-21,3309.14990234375,3262.10009765625,3305.0,3273.85009765625,2778546.0,3257.913818359375
2021-01-22,3325.0,3241.89990234375,3241.89990234375,3303.10009765625,3052459.0,3287.021484375
2021-01-25,3339.800048828125,3278.64990234375,3308.949951171875,3291.300048828125,2272887.0,3275.27880859375
2021-01-27,3306.449951171875,3227.0,3300.0,3261.050048828125,2786662.0,3245.176025390625
2021-01-28,3275.0,3183.800048828125,3230.0,3196.550048828125,3083938.0,3180.989990234375
2021-01-29,3216.85009765625,3100.0,3210.050048828125,3111.35009765625,5445659.0,3096.204833984375
2021-02-01,3165.0,3044.10009765625,3100.0,3139.35009765625,3985846.0,3124.068603515625
2021-02-02,3224.0,3150.0,3174.0,3203.449951171875,2881837.0,3187.8564453125
2021-02-03,3236.0,3162.64990234375,3213.0,3200.050048828125,2505866.0,3184.47314453125
2021-02-04,3237.85009765625,3176.0,3216.050048828125,3188.449951171875,2057261.0,3172.929443359375
2021-02-05,3205.85009765625,3129.0,3198.949951171875,3157.949951171875,2366135.0,3142.577880859375
2021-02-08,3226.0,3155.14990234375,3189.5,3214.10009765625,2526592.0,3198.454833984375
2021-02-09,3245.800048828125,3164.0,3195.0,3176.89990234375,2658751.0,3161.435546875
2021-02-10,3219.39990234375,3157.300048828125,3185.0,3213.300048828125,2127983.0,3197.658447265625
2021-02-11,3219.300048828125,3185.050048828125,3215.0,3206.0,1165882.0,3190.39404296875
2021-02-12,3245.5,3182.0,3184.199951171875,3190.800048828125,2777404.0,3175.26806640625
2021-02-15,3209.0,3131.550048828125,3209.0,3139.85009765625,2630853.0,3124.566162109375
2021-02-16,3167.64990234375,3100.0,3150.0,3108.800048828125,3435770.0,3093.667236328125
2021-02-17,3132.85009765625,3045.550048828125,3105.10009765625,3073.10009765625,3678426.0,3058.14111328125
2021-02-18,3097.89990234375,3031.0,3065.0,3057.35009765625,4189909.0,3042.4677734375
2021-02-19,3087.14990234375,3016.14990234375,3058.0,3071.85009765625,3725028.0,3056.897216796875
2021-02-22,3096.0,2943.14990234375,3096.0,2958.449951171875,5366696.0,2944.049072265625
2021-02-23,3028.0,2968.0,2970.0,2980.199951171875,3832829.0,2965.693115234375
2021-02-24,3003.35009765625,2921.14990234375,2972.0,2948.10009765625,3774549.0,2933.74951171875
2021-02-25,3029.89990234375,2968.449951171875,2974.0,2995.300048828125,4224073.0,2980.7197265625
2021-02-26,2972.35009765625,2880.0,2960.0,2894.300048828125,5553153.0,2880.21142578125
2021-03-01,2965.0,2901.800048828125,2926.0,2924.199951171875,3265871.0,2909.9658203125
2021-03-02,3025.0,2948.0,2960.0,3006.35009765625,3306469.0,2991.716064453125
2021-03-03,3064.0,2996.89990234375,3035.0,3059.10009765625,3509857.0,3044.209228515625
2021-03-04,3081.449951171875,3016.050048828125,3023.0,3049.699951171875,3916760.0,3034.854736328125
2021-03-05,3063.199951171875,2996.60009765625,3016.10009765625,3008.050048828125,3203686.0,2993.40771484375
2021-03-08,3033.0,2996.0,3016.0,3006.949951171875,2003125.0,2992.31298828125
2021-03-09,3066.89990234375,2992.10009765625,3006.949951171875,3050.949951171875,1942397.0,3036.0986328125
2021-03-10,3093.199951171875,3060.0,3075.0,3070.949951171875,3053778.0,3056.00146484375
2021-03-12,3117.0,3041.35009765625,3075.0,3057.949951171875,2938317.0,3043.064697265625
2021-03-15,3099.0,3041.0,3041.0,3066.14990234375,3097083.0,3051.224609375
2021-03-16,3141.0,3060.0,3060.0,3110.050048828125,4894756.0,3094.9111328125
2021-03-17,3155.0,3085.300048828125,3105.0,3112.949951171875,3838390.0,3097.796875
2021-03-18,3146.449951171875,2987.050048828125,3125.949951171875,3036.5,3656306.0,3021.71923828125
2021-03-19,3099.0,3005.0,3030.0,3050.199951171875,5776626.0,3035.352294921875
2021-03-22,3139.449951171875,3018.64990234375,3048.699951171875,3129.64990234375,2821646.0,3114.41552734375
2021-03-23,3169.0,3122.85009765625,3140.0,3142.60009765625,3305973.0,3127.302734375
2021-03-24,3152.300048828125,3111.14990234375,3111.199951171875,3121.10009765625,2207104.0,3105.907470703125
2021-03-25,3130.85009765625,3050.0,3112.199951171875,3064.85009765625,3179786.0,3049.93115234375
2021-03-26,3118.0,3043.050048828125,3090.64990234375,3066.800048828125,3697370.0,3051.87158203125
2021-03-30,3188.449951171875,3060.89990234375,3083.0,3158.550048828125,4694008.0,3143.175048828125
2021-03-31,3205.0,3132.0,3155.0,3177.85009765625,3530069.0,3162.381103515625
2021-04-01,3215.0,3145.0,3191.10009765625,3165.0,4285076.0,3149.593505859375
2021-04-05,3263.0,3151.0,3171.0,3238.89990234375,5317862.0,3223.1337890625
2021-04-06,3275.0,3230.0,3275.0,3264.699951171875,2291562.0,3248.808349609375
2021-04-07,3277.550048828125,3234.800048828125,3259.0,3271.39990234375,2491268.0,3255.4755859375
2021-04-08,3335.0,3266.050048828125,3270.0,3317.35009765625,2578118.0,3301.2021484375
2021-04-09,3354.35009765625,3308.0,3354.0,3322.25,2911129.0,3306.078125
2021-04-12,3338.10009765625,3213.199951171875,3322.25,3246.550048828125,3791828.0,3230.746826171875
2021-04-13,3214.0,3073.050048828125,3214.0,3104.050048828125,8654596.0,3088.9404296875
2021-04-15,3237.25,3087.449951171875,3160.300048828125,3218.949951171875,6062760.0,3203.281005859375
2021-04-16,3247.0,3182.60009765625,3229.0,3195.14990234375,3224657.0,3179.5966796875
2021-04-19,3189.0,3135.10009765625,3169.0,3161.800048828125,2679106.0,3146.4091796875
2021-04-20,3225.35009765625,3126.35009765625,3225.0,3144.550048828125,3141893.0,3129.2431640625
2021-04-22,3148.0,3105.25,3148.0,3118.800048828125,1988980.0,3103.61865234375
2021-04-23,3119.0,3091.050048828125,3105.0,3109.5,1615309.0,3094.36376953125
2021-04-26,3153.0,3088.050048828125,3102.050048828125,3100.800048828125,2490260.0,3085.706298828125
2021-04-27,3136.10009765625,3103.0,3106.0,3132.0,1471417.0,3116.754150390625
2021-04-28,3151.0,3112.0,3149.949951171875,3124.10009765625,1639037.0,3108.892822265625
2021-04-29,3157.35009765625,3105.5,3145.60009765625,3115.25,1621395.0,3100.085693359375
2021-04-30,3132.050048828125,3020.0,3099.0,3035.64990234375,3072305.0,3020.873291015625
2021-05-03,3055.0,3004.0,3024.89990234375,3037.0,1545831.0,3022.216796875
2021-05-04,3090.0,3035.0,3062.800048828125,3049.75,1990777.0,3034.904541015625
2021-05-05,3099.39990234375,3052.39990234375,3070.0,3095.699951171875,1939289.0,3080.630859375
2021-05-06,3134.0,3074.0,3105.5,3111.449951171875,1791671.0,3096.30419921875
2021-05-07,3159.85009765625,3111.800048828125,3133.0,3132.89990234375,1912540.0,3117.64990234375
2021-05-10,3164.199951171875,3125.0,3145.949951171875,3145.5,2137153.0,3130.1884765625
2021-05-11,3128.10009765625,3091.14990234375,3125.0,3122.60009765625,2415625.0,3107.400146484375
2021-05-12,3120.0,3070.60009765625,3120.0,3087.60009765625,1978558.0,3072.570556640625
2021-05-14,3098.5,3040.0,3098.5,3051.5,2043935.0,3036.64599609375
2021-05-17,3075.199951171875,3036.0,3055.0,3069.75,2890462.0,3054.807373046875
2021-05-18,3124.0,3078.0,3100.0,3088.800048828125,2098538.0,3073.7646484375
2021-05-19,3118.0,3067.10009765625,3084.0,3082.0,1986041.0,3066.99755859375
2021-05-20,3088.800048828125,3052.10009765625,3067.10009765625,3060.0,2329027.0,3045.104736328125
2021-05-21,3088.199951171875,3055.10009765625,3061.0,3080.5,1685566.0,3065.5048828125
2021-05-24,3105.0,3072.0,3081.5,3081.5,1652260.0,3066.5
2021-05-25,3128.25,3082.10009765625,3092.0,3114.0,1841613.0,3114.0
2021-05-26,3165.0,3103.800048828125,3120.0,3158.5,1923753.0,3158.5
2021-05-27,3217.75,3161.800048828125,3161.949951171875,3180.0,5959785.0,3180.0
2021-05-28,3198.0,3135.64990234375,3189.5,3143.60009765625,1763701.0,3143.60009765625
